# probe kind=primes activation=event M=48 K=4 period_us=10000 priority=90 target_cpu=1 generator_cpu=3 seed=20260713 n_jobs=5000 warmup=200
job_index,release_us,start_us,finish_us,C_cputime_us,R_wall_us,delay_us,dispatch_latency_us,mid_job_preempt_us,slack_us,deadline_miss,tardiness_us,nonvol_ctxt,K_reps,matrix_M,skipped_before
0,8101855488.480,8101855514.860,8101857122.151,1605.539,1633.671,28.132,26.380,1.752,8366.329,0,0.000,0,4,48,0
1,8101862366.855,8101862381.449,8101866482.807,1609.060,4115.952,2506.892,14.594,2492.298,5884.048,0,0.000,1,4,48,0
2,8101877200.765,8101877221.612,8101878755.096,1532.931,1554.331,21.400,20.847,0.553,8445.669,0,0.000,0,4,48,0
3,8101885731.780,8101885748.855,8101887260.744,1511.328,1528.964,17.636,17.075,0.561,8471.036,0,0.000,0,4,48,0
4,8101895700.667,8101895715.167,8101897187.766,1472.128,1487.099,14.971,14.500,0.471,8512.901,0,0.000,0,4,48,0
5,8101903178.046,8101903197.297,8101904766.806,1569.118,1588.760,19.642,19.251,0.391,8411.240,0,0.000,0,4,48,0
6,8101911117.845,8101911136.143,8101913838.046,1520.275,2720.201,1199.926,18.298,1181.628,7279.799,0,0.000,1,4,48,0
7,8101918117.793,8101918132.043,8101923934.521,1605.000,5816.728,4211.728,14.250,4197.478,4183.272,0,0.000,1,4,48,0
8,8101923151.274,8101923939.149,8101933209.814,1528.914,10058.540,8529.626,787.875,7741.751,-58.540,1,58.540,1,4,48,0
9,8101933011.123,8101933214.267,8101934806.559,1591.879,1795.436,203.557,203.144,0.413,8204.564,0,0.000,0,4,48,0
10,8101947179.224,8101947201.124,8101948743.191,1541.629,1563.967,22.338,21.900,0.438,8436.033,0,0.000,0,4,48,0
11,8101956801.668,8101956823.285,8101958352.720,1529.028,1551.052,22.024,21.617,0.407,8448.948,0,0.000,0,4,48,0
12,8101964788.461,8101964810.547,8101966346.992,1536.037,1558.531,22.494,22.086,0.408,8441.469,0,0.000,0,4,48,0
13,8101976034.330,8101976054.594,8101977600.855,1545.660,1566.525,20.865,20.264,0.601,8433.475,0,0.000,0,4,48,0
14,8101990564.799,8101990590.277,8101992178.401,1587.437,1613.602,26.165,25.478,0.687,8386.398,0,0.000,0,4,48,0
15,8102001879.432,8102001902.107,8102003489.382,1586.610,1609.950,23.340,22.675,0.665,8390.050,0,0.000,0,4,48,0
16,8102015539.470,8102015573.573,8102017076.689,1502.195,1537.219,35.024,34.103,0.921,8462.781,0,0.000,0,4,48,0
17,8102026506.294,8102026535.831,8102028096.087,1559.390,1589.793,30.403,29.537,0.866,8410.207,0,0.000,0,4,48,0
18,8102033578.771,8102033593.774,8102037591.429,1486.203,4012.658,2526.455,15.003,2511.452,5987.342,0,0.000,1,4,48,0
19,8102047151.328,8102047171.508,8102048705.530,1533.506,1554.202,20.696,20.180,0.516,8445.798,0,0.000,0,4,48,0
20,8102056202.295,8102056216.528,8102057774.010,1557.023,1571.715,14.692,14.233,0.459,8428.285,0,0.000,0,4,48,0
21,8102062791.229,8102062805.546,8102066573.319,1562.446,3782.090,2219.644,14.317,2205.327,6217.910,0,0.000,1,4,48,0
22,8102074265.728,8102074286.093,8102075775.184,1488.566,1509.456,20.890,20.365,0.525,8490.544,0,0.000,0,4,48,0
23,8102088015.873,8102088048.127,8102089615.242,1566.132,1599.369,33.237,32.254,0.983,8400.631,0,0.000,0,4,48,0
24,8102100172.359,8102100195.382,8102101728.122,1532.122,1555.763,23.641,23.023,0.618,8444.237,0,0.000,0,4,48,0
25,8102106105.406,8102106120.747,8102110829.915,1531.232,4724.509,3193.277,15.341,3177.936,5275.491,0,0.000,1,4,48,0
26,8102111316.430,8102111330.805,8102120201.949,1532.285,8885.519,7353.234,14.375,7338.859,1114.481,0,0.000,1,4,48,0
27,8102116889.802,8102120207.092,8102130192.977,1523.309,13303.175,11779.866,3317.290,8462.576,-3303.175,1,3303.175,1,4,48,0
28,8102131937.580,8102131957.194,8102133344.300,1386.607,1406.720,20.113,19.614,0.499,8593.280,0,0.000,0,4,48,0
29,8102139934.993,8102139949.450,8102141479.332,1529.255,1544.339,15.084,14.457,0.627,8455.661,0,0.000,0,4,48,0
30,8102146219.036,8102146240.400,8102150775.971,1597.100,4556.935,2959.835,21.364,2938.471,5443.065,0,0.000,1,4,48,0
31,8102155229.927,8102155252.121,8102159964.603,1459.206,4734.676,3275.470,22.194,3253.276,5265.324,0,0.000,1,4,48,0
32,8102168195.989,8102168215.253,8102169719.972,1504.288,1523.983,19.695,19.264,0.431,8476.017,0,0.000,0,4,48,0
33,8102178317.290,8102178338.240,8102179942.329,1603.579,1625.039,21.460,20.950,0.510,8374.961,0,0.000,0,4,48,0
34,8102191860.931,8102191880.672,8102193503.196,1622.081,1642.265,20.184,19.741,0.443,8357.735,0,0.000,0,4,48,0
35,8102201437.103,8102201454.524,8102203009.144,1554.084,1572.041,17.957,17.421,0.536,8427.959,0,0.000,0,4,48,0
36,8102207764.428,8102207783.649,8102211805.011,1580.041,4040.583,2460.542,19.221,2441.321,5959.417,0,0.000,1,4,48,0
37,8102213040.433,8102213054.409,8102222110.256,1604.635,9069.823,7465.188,13.976,7451.212,930.177,0,0.000,1,4,48,0
38,8102222349.342,8102222361.833,8102231452.842,1570.644,9103.500,7532.856,12.491,7520.365,896.500,0,0.000,1,4,48,0
39,8102234427.418,8102234446.793,8102236054.105,1606.839,1626.687,19.848,19.375,0.473,8373.313,0,0.000,0,4,48,0
40,8102244074.021,8102244088.423,8102245556.200,1467.361,1482.179,14.818,14.402,0.416,8517.821,0,0.000,0,4,48,0
41,8102253303.521,8102253324.122,8102254906.883,1582.264,1603.362,21.098,20.601,0.497,8396.638,0,0.000,0,4,48,0
42,8102261275.157,8102261296.478,8102264225.977,1623.498,2950.820,1327.322,21.321,1306.001,7049.180,0,0.000,1,4,48,0
43,8102273676.749,8102273698.342,8102275239.528,1540.744,1562.779,22.035,21.593,0.442,8437.221,0,0.000,0,4,48,0
44,8102288657.608,8102288679.255,8102290186.533,1506.768,1528.925,22.157,21.647,0.510,8471.075,0,0.000,0,4,48,0
45,8102298837.453,8102298852.011,8102300308.513,1456.101,1471.060,14.959,14.558,0.401,8528.940,0,0.000,0,4,48,0
46,8102306802.366,8102306821.464,8102308381.155,1559.198,1578.789,19.591,19.098,0.493,8421.211,0,0.000,0,4,48,0
47,8102314124.978,8102314145.933,8102317568.715,1611.683,3443.737,1832.054,20.955,1811.099,6556.263,0,0.000,1,4,48,0
48,8102319215.840,8102319229.785,8102326818.837,1534.823,7602.997,6068.174,13.945,6054.229,2397.003,0,0.000,1,4,48,0
49,8102333969.557,8102333991.128,8102335462.231,1470.705,1492.674,21.969,21.571,0.398,8507.326,0,0.000,0,4,48,0
50,8102348386.795,8102348406.155,8102349934.627,1528.061,1547.832,19.771,19.360,0.411,8452.168,0,0.000,0,4,48,0
51,8102361647.051,8102361665.658,8102363176.734,1510.645,1529.683,19.038,18.607,0.431,8470.317,0,0.000,0,4,48,0
52,8102366947.475,8102366968.017,8102372089.719,1471.435,5142.244,3670.809,20.542,3650.267,4857.756,0,0.000,1,4,48,0
53,8102373419.905,8102373439.168,8102381663.867,1422.646,8243.962,6821.316,19.263,6802.053,1756.038,0,0.000,1,4,48,0
54,8102382194.182,8102382209.327,8102391678.906,1576.057,9484.724,7908.667,15.145,7893.522,515.276,0,0.000,1,4,48,0
55,8102390805.031,8102391683.497,8102393259.172,1575.258,2454.141,878.883,878.466,0.417,7545.859,0,0.000,0,4,48,0
56,8102398067.321,8102398082.054,8102402243.041,1507.911,4175.720,2667.809,14.733,2653.076,5824.280,0,0.000,1,4,48,0
57,8102411700.477,8102411719.938,8102413229.704,1509.281,1529.227,19.946,19.461,0.485,8470.773,0,0.000,0,4,48,0
58,8102420381.076,8102420400.004,8102421950.943,1550.544,1569.867,19.323,18.928,0.395,8430.133,0,0.000,0,4,48,0
59,8102427691.819,8102427713.291,8102430650.055,1552.881,2958.236,1405.355,21.472,1383.883,7041.764,0,0.000,1,4,48,0
60,8102436980.933,8102436994.851,8102438572.468,1577.164,1591.535,14.371,13.918,0.453,8408.465,0,0.000,0,4,48,0
61,8102451942.980,8102451962.425,8102453453.915,1491.075,1510.935,19.860,19.445,0.415,8489.065,0,0.000,0,4,48,0
62,8102458943.588,8102458962.684,8102462478.076,1568.796,3534.488,1965.692,19.096,1946.596,6465.512,0,0.000,1,4,48,0
63,8102468591.529,8102468607.898,8102470134.840,1526.528,1543.311,16.783,16.369,0.414,8456.689,0,0.000,0,4,48,0
64,8102476860.386,8102476879.069,8102478422.288,1542.769,1561.902,19.133,18.683,0.450,8438.098,0,0.000,0,4,48,0
65,8102487269.351,8102487289.071,8102488812.856,1523.294,1543.505,20.211,19.720,0.491,8456.495,0,0.000,0,4,48,0
66,8102496046.351,8102496060.452,8102497595.172,1534.238,1548.821,14.583,14.101,0.482,8451.179,0,0.000,0,4,48,0
67,8102504061.278,8102504074.703,8102505645.156,1570.037,1583.878,13.841,13.425,0.416,8416.122,0,0.000,0,4,48,0
68,8102510206.950,8102510221.142,8102514795.616,1511.393,4588.666,3077.273,14.192,3063.081,5411.334,0,0.000,1,4,48,0
69,8102516179.616,8102516200.199,8102524076.651,1501.962,7897.035,6395.073,20.583,6374.490,2102.965,0,0.000,1,4,48,0
70,8102525162.521,8102525184.244,8102534085.953,1528.029,8923.432,7395.403,21.723,7373.680,1076.568,0,0.000,1,4,48,0
71,8102535347.547,8102535361.534,8102536821.801,1459.784,1474.254,14.470,13.987,0.483,8525.746,0,0.000,0,4,48,0
72,8102549989.284,8102550045.773,8102551601.948,1555.741,1612.664,56.923,56.489,0.434,8387.336,0,0.000,0,4,48,0
73,8102557404.792,8102557430.450,8102560898.740,1470.932,3493.948,2023.016,25.658,1997.358,6506.052,0,0.000,1,4,48,0
74,8102571964.385,8102571983.842,8102573563.949,1579.697,1599.564,19.867,19.457,0.410,8400.436,0,0.000,0,4,48,0
75,8102586207.597,8102586229.315,8102587750.160,1520.409,1542.563,22.154,21.718,0.436,8457.437,0,0.000,0,4,48,0
76,8102592872.058,8102592886.548,8102596547.505,1449.955,3675.447,2225.492,14.490,2211.002,6324.553,0,0.000,1,4,48,0
77,8102602452.484,8102602474.282,8102604101.201,1626.431,1648.717,22.286,21.798,0.488,8351.283,0,0.000,0,4,48,0
78,8102613362.830,8102613381.749,8102614941.603,1559.447,1578.773,19.326,18.919,0.407,8421.227,0,0.000,0,4,48,0
79,8102628079.154,8102628098.504,8102629602.162,1503.260,1523.008,19.748,19.350,0.398,8476.992,0,0.000,0,4,48,0
80,8102640355.481,8102640374.504,8102641898.303,1523.317,1542.822,19.505,19.023,0.482,8457.178,0,0.000,0,4,48,0
81,8102654230.956,8102654252.831,8102655755.143,1501.887,1524.187,22.300,21.875,0.425,8475.813,0,0.000,0,4,48,0
82,8102659288.412,8102659302.834,8102665075.136,1533.972,5786.724,4252.752,14.422,4238.330,4213.276,0,0.000,1,4,48,0
83,8102670573.588,8102670592.070,8102672223.046,1630.589,1649.458,18.869,18.482,0.387,8350.542,0,0.000,0,4,48,0
84,8102682933.237,8102682952.338,8102684522.775,1570.039,1589.538,19.499,19.101,0.398,8410.462,0,0.000,0,4,48,0
85,8102696398.826,8102696417.944,8102697960.928,1542.557,1562.102,19.545,19.118,0.427,8437.898,0,0.000,0,4,48,0
86,8102707948.884,8102707968.229,8102709548.547,1579.905,1599.663,19.758,19.345,0.413,8400.337,0,0.000,0,4,48,0
87,8102721650.711,8102721672.393,8102723245.316,1572.526,1594.605,22.079,21.682,0.397,8405.395,0,0.000,0,4,48,0
88,8102730066.243,8102730086.702,8102731724.340,1637.203,1658.097,20.894,20.459,0.435,8341.903,0,0.000,0,4,48,0
89,8102744873.997,8102744904.457,8102746385.640,1480.139,1511.643,31.504,30.460,1.044,8488.357,0,0.000,0,4,48,0
90,8102755799.860,8102755820.366,8102757341.494,1520.639,1541.634,20.995,20.506,0.489,8458.366,0,0.000,0,4,48,0
91,8102762848.390,8102762866.862,8102766203.079,1530.644,3354.689,1824.045,18.472,1805.573,6645.311,0,0.000,1,4,48,0
92,8102777180.330,8102777199.670,8102778829.414,1629.284,1649.084,19.800,19.340,0.460,8350.916,0,0.000,0,4,48,0
93,8102791639.368,8102791660.536,8102793149.279,1488.342,1509.911,21.569,21.168,0.401,8490.089,0,0.000,0,4,48,0
94,8102805883.197,8102805902.659,8102807380.272,1477.145,1497.075,19.930,19.462,0.468,8502.925,0,0.000,0,4,48,0
95,8102818416.510,8102818435.980,8102820031.895,1595.529,1615.385,19.856,19.470,0.386,8384.615,0,0.000,0,4,48,0
96,8102826864.772,8102826878.682,8102828384.725,1505.651,1519.953,14.302,13.910,0.392,8480.047,0,0.000,0,4,48,0
97,8102832198.175,8102832212.388,8102837601.126,1518.723,5402.951,3884.228,14.213,3870.015,4597.049,0,0.000,1,4,48,0
98,8102845224.991,8102845244.512,8102846733.297,1488.392,1508.306,19.914,19.521,0.393,8491.694,0,0.000,0,4,48,0
99,8102858700.716,8102858722.261,8102860282.016,1559.256,1581.300,22.044,21.545,0.499,8418.700,0,0.000,0,4,48,0
100,8102872667.300,8102872687.253,8102874312.240,1624.578,1644.940,20.362,19.953,0.409,8355.060,0,0.000,0,4,48,0
101,8102882348.358,8102882365.564,8102883810.064,1444.066,1461.706,17.640,17.206,0.434,8538.294,0,0.000,0,4,48,0
102,8102897448.049,8102897467.637,8102899023.303,1555.158,1575.254,20.096,19.588,0.508,8424.746,0,0.000,0,4,48,0
103,8102911179.888,8102911199.813,8102912758.577,1558.275,1578.689,20.414,19.925,0.489,8421.311,0,0.000,0,4,48,0
104,8102919203.721,8102919219.540,8102920647.291,1427.278,1443.570,16.292,15.819,0.473,8556.430,0,0.000,0,4,48,0
105,8102926471.325,8102926484.789,8102928084.406,1599.216,1613.081,13.865,13.464,0.401,8386.919,0,0.000,0,4,48,0
106,8102937249.788,8102937272.937,8102938837.152,1563.793,1587.364,23.571,23.149,0.422,8412.636,0,0.000,0,4,48,0
107,8102951924.144,8102951943.669,8102953512.579,1568.516,1588.435,19.919,19.525,0.394,8411.565,0,0.000,0,4,48,0
108,8102965092.710,8102965111.989,8102966585.791,1473.373,1493.081,19.708,19.279,0.429,8506.919,0,0.000,0,4,48,0
109,8102970232.744,8102970252.336,8102975925.246,1562.235,5692.502,4130.267,19.592,4110.675,4307.498,0,0.000,1,4,48,0
110,8102976109.665,8102976123.678,8102985118.857,1596.748,9009.192,7412.444,14.013,7398.431,990.808,0,0.000,1,4,48,0
111,8102988016.956,8102988039.058,8102995109.754,1611.211,7092.798,5481.587,22.102,5459.485,2907.202,0,0.000,1,4,48,0
112,8102992983.863,8102995116.796,8102996705.221,1587.984,3721.358,2133.374,2132.933,0.441,6278.642,0,0.000,0,4,48,0
113,8103003973.131,8103003992.585,8103005581.307,1491.171,1608.176,117.005,19.454,97.551,8391.824,0,0.000,1,4,48,0
114,8103016322.240,8103016342.009,8103017869.971,1527.502,1547.731,20.229,19.769,0.460,8452.269,0,0.000,0,4,48,0
115,8103022169.309,8103022195.286,8103027073.120,1542.406,4903.811,3361.405,25.977,3335.428,5096.189,0,0.000,1,4,48,0
116,8103034323.666,8103034343.325,8103035800.604,1456.753,1476.938,20.185,19.659,0.526,8523.062,0,0.000,0,4,48,0
117,8103042152.705,8103042166.981,8103043689.505,1522.084,1536.800,14.716,14.276,0.440,8463.200,0,0.000,0,4,48,0
118,8103055500.010,8103055521.330,8103057065.698,1543.921,1565.688,21.767,21.320,0.447,8434.312,0,0.000,0,4,48,0
119,8103063997.293,8103064027.940,8103065446.965,1418.578,1449.672,31.094,30.647,0.447,8550.328,0,0.000,0,4,48,0
120,8103070390.141,8103070410.304,8103074949.357,1535.911,4559.216,3023.305,20.163,3003.142,5440.784,0,0.000,1,4,48,0
121,8103076494.422,8103076515.410,8103084152.931,1632.063,7658.509,6026.446,20.988,6005.458,2341.491,0,0.000,1,4,48,0
122,8103085188.630,8103085203.094,8103094015.008,1505.367,8826.378,7321.011,14.464,7306.547,1173.622,0,0.000,1,4,48,0
123,8103098548.421,8103098568.220,8103100063.776,1495.148,1515.355,20.207,19.799,0.408,8484.645,0,0.000,0,4,48,0
124,8103106699.431,8103106719.200,8103108264.247,1544.435,1564.816,20.381,19.769,0.612,8435.184,0,0.000,0,4,48,0
125,8103116951.258,8103116971.896,8103118544.145,1571.845,1592.887,21.042,20.638,0.404,8407.113,0,0.000,0,4,48,0
126,8103128941.147,8103128960.565,8103130452.349,1491.384,1511.202,19.818,19.418,0.400,8488.798,0,0.000,0,4,48,0
127,8103137218.527,8103137233.147,8103138711.081,1477.428,1492.554,15.126,14.620,0.506,8507.446,0,0.000,0,4,48,0
128,8103146009.435,8103146022.993,8103147587.448,1564.025,1578.013,13.988,13.558,0.430,8421.987,0,0.000,0,4,48,0
129,8103156455.158,8103156476.947,8103158019.663,1541.478,1564.505,23.027,21.789,1.238,8435.495,0,0.000,0,4,48,0
130,8103164696.486,8103164715.556,8103166273.739,1557.762,1577.253,19.491,19.070,0.421,8422.747,0,0.000,0,4,48,0
131,8103171577.719,8103171593.856,8103175888.519,1594.596,4310.800,2716.204,16.137,2700.067,5689.200,0,0.000,1,4,48,0
132,8103186293.756,8103186314.351,8103187824.275,1509.493,1530.519,21.026,20.595,0.431,8469.481,0,0.000,0,4,48,0
133,8103191705.171,8103191726.089,8103196612.933,1580.045,4907.762,3327.717,20.918,3306.799,5092.238,0,0.000,1,4,48,0
134,8103197256.949,8103197278.159,8103206310.595,1536.073,9053.646,7517.573,21.210,7496.363,946.354,0,0.000,1,4,48,0
135,8103208903.543,8103208923.308,8103216308.961,1470.654,7405.418,5934.764,19.765,5914.999,2594.582,0,0.000,1,4,48,0
136,8103220577.812,8103220597.435,8103222214.441,1616.581,1636.629,20.048,19.623,0.425,8363.371,0,0.000,0,4,48,0
137,8103234739.179,8103234758.096,8103236369.023,1610.433,1629.844,19.411,18.917,0.494,8370.156,0,0.000,0,4,48,0
138,8103239892.895,8103239907.412,8103245342.234,1691.552,5449.339,3757.787,14.517,3743.270,4550.661,0,0.000,1,4,48,0
139,8103249489.142,8103249504.389,8103254784.667,1525.983,5295.525,3769.542,15.247,3754.295,4704.475,0,0.000,1,4,48,0
140,8103257204.929,8103257223.883,8103264765.235,1544.260,7560.306,6016.046,18.954,5997.092,2439.694,0,0.000,1,4,48,0
141,8103268786.371,8103268805.378,8103270393.508,1587.579,1607.137,19.558,19.007,0.551,8392.863,0,0.000,0,4,48,0
142,8103276257.045,8103276276.733,8103279541.306,1474.838,3284.261,1809.423,19.688,1789.735,6715.739,0,0.000,1,4,48,0
143,8103282427.883,8103282447.225,8103288801.797,1472.477,6373.914,4901.437,19.342,4882.095,3626.086,0,0.000,1,4,48,0
144,8103297366.060,8103297385.830,8103298979.863,1593.621,1613.803,20.182,19.770,0.412,8386.197,0,0.000,0,4,48,0
145,8103311978.157,8103311998.693,8103313534.716,1535.629,1556.559,20.930,20.536,0.394,8443.441,0,0.000,0,4,48,0
146,8103322883.525,8103322902.947,8103324418.395,1515.048,1534.870,19.822,19.422,0.400,8465.130,0,0.000,0,4,48,0
147,8103329091.504,8103329105.716,8103333490.504,1497.168,4399.000,2901.832,14.212,2887.620,5601.000,0,0.000,1,4,48,0
148,8103339039.143,8103339053.570,8103340659.854,1605.868,1620.711,14.843,14.427,0.416,8379.289,0,0.000,0,4,48,0
149,8103345284.984,8103345306.399,8103349851.682,1504.546,4566.698,3062.152,21.415,3040.737,5433.302,0,0.000,1,4,48,0
150,8103353703.258,8103353723.332,8103359300.998,1536.999,5597.740,4060.741,20.074,4040.667,4402.260,0,0.000,1,4,48,0
151,8103359086.908,8103359305.536,8103369052.745,1525.092,9965.837,8440.745,218.628,8222.117,34.163,0,0.000,1,4,48,0
152,8103374062.747,8103374084.028,8103375574.541,1490.102,1511.794,21.692,21.281,0.411,8488.206,0,0.000,0,4,48,0
153,8103386575.655,8103386596.511,8103388267.062,1670.039,1691.407,21.368,20.856,0.512,8308.593,0,0.000,0,4,48,0
154,8103394532.627,8103394548.045,8103397707.751,1579.217,3175.124,1595.907,15.418,1580.489,6824.876,0,0.000,1,4,48,0
155,8103405150.703,8103405170.095,8103406673.084,1502.567,1522.381,19.814,19.392,0.422,8477.619,0,0.000,0,4,48,0
156,8103411208.613,8103411230.203,8103415857.465,1473.604,4648.852,3175.248,21.590,3153.658,5351.148,0,0.000,1,4,48,0
157,8103420179.827,8103420196.274,8103425172.691,1512.904,4992.864,3479.960,16.447,3463.513,5007.136,0,0.000,1,4,48,0
158,8103434703.082,8103434724.276,8103436280.231,1555.451,1577.149,21.698,21.194,0.504,8422.851,0,0.000,0,4,48,0
159,8103446602.401,8103446634.965,8103448162.467,1527.087,1560.066,32.979,32.564,0.415,8439.934,0,0.000,0,4,48,0
160,8103459667.929,8103459687.326,8103461329.615,1641.850,1661.686,19.836,19.397,0.439,8338.314,0,0.000,0,4,48,0
161,8103470921.272,8103470939.789,8103472422.442,1482.249,1501.170,18.921,18.517,0.404,8498.830,0,0.000,0,4,48,0
162,8103484939.963,8103484959.696,8103486457.492,1497.289,1517.529,20.240,19.733,0.507,8482.471,0,0.000,0,4,48,0
163,8103490164.823,8103490185.354,8103495702.575,1570.538,5537.752,3967.214,20.531,3946.683,4462.248,0,0.000,1,4,48,0
164,8103496508.775,8103496522.510,8103505044.335,1561.705,8535.560,6973.855,13.735,6960.120,1464.440,0,0.000,1,4,48,0
165,8103504233.968,8103505048.842,8103514956.394,1578.211,10722.426,9144.215,814.874,8329.341,-722.426,1,722.426,1,4,48,0
166,8103519121.323,8103519140.688,8103520678.297,1537.210,1556.974,19.764,19.365,0.399,8443.026,0,0.000,0,4,48,0
167,8103531572.532,8103531591.907,8103533120.889,1528.558,1548.357,19.799,19.375,0.424,8451.643,0,0.000,0,4,48,0
168,8103541133.097,8103541147.105,8103542557.073,1409.535,1423.976,14.441,14.008,0.433,8576.024,0,0.000,0,4,48,0
169,8103554654.309,8103554675.692,8103556237.897,1561.608,1583.588,21.980,21.383,0.597,8416.412,0,0.000,0,4,48,0
170,8103562501.112,8103562522.325,8103565730.826,1547.993,3229.714,1681.721,21.213,1660.508,6770.286,0,0.000,1,4,48,0
171,8103576382.766,8103576402.385,8103577961.128,1558.296,1578.362,20.066,19.619,0.447,8421.638,0,0.000,0,4,48,0
172,8103587584.581,8103587604.706,8103589225.872,1620.742,1641.291,20.549,20.125,0.424,8358.709,0,0.000,0,4,48,0
173,8103601060.328,8103601079.670,8103602478.837,1398.681,1418.509,19.828,19.342,0.486,8581.491,0,0.000,0,4,48,0
174,8103615959.419,8103615982.085,8103617644.745,1662.048,1685.326,23.278,22.666,0.612,8314.674,0,0.000,0,4,48,0
175,8103628482.316,8103628502.212,8103630086.721,1584.101,1604.405,20.304,19.896,0.408,8395.595,0,0.000,0,4,48,0
176,8103642070.560,8103642089.680,8103643580.003,1489.899,1509.443,19.544,19.120,0.424,8490.557,0,0.000,0,4,48,0
177,8103655238.918,8103655258.899,8103656757.559,1498.243,1518.641,20.398,19.981,0.417,8481.359,0,0.000,0,4,48,0
178,8103669257.703,8103669276.708,8103670788.420,1511.305,1530.717,19.412,19.005,0.407,8469.283,0,0.000,0,4,48,0
179,8103679697.549,8103679718.371,8103681272.225,1553.444,1574.676,21.232,20.822,0.410,8425.324,0,0.000,0,4,48,0
180,8103684996.753,8103685023.899,8103690264.566,1524.892,5267.813,3742.921,27.146,3715.775,4732.187,0,0.000,1,4,48,0
181,8103698871.684,8103698890.605,8103700505.843,1614.843,1634.159,19.316,18.921,0.395,8365.841,0,0.000,0,4,48,0
182,8103712910.373,8103712929.278,8103714527.336,1597.639,1616.963,19.324,18.905,0.419,8383.037,0,0.000,0,4,48,0
183,8103724061.758,8103724080.873,8103725632.986,1551.687,1571.228,19.541,19.115,0.426,8428.772,0,0.000,0,4,48,0
184,8103731575.145,8103731590.570,8103735327.997,1671.337,3752.852,2081.515,15.425,2066.090,6247.148,0,0.000,1,4,48,0
185,8103738927.901,8103738947.998,8103744517.069,1499.656,5589.168,4089.512,20.097,4069.415,4410.832,0,0.000,1,4,48,0
186,8103745766.635,8103745787.228,8103754439.367,1579.220,8672.732,7093.512,20.593,7072.919,1327.268,0,0.000,1,4,48,0
187,8103760792.688,8103760811.958,8103762323.484,1510.996,1530.796,19.800,19.270,0.530,8469.204,0,0.000,0,4,48,0
188,8103765940.218,8103765954.788,8103771326.272,1561.208,5386.054,3824.846,14.570,3810.276,4613.946,0,0.000,1,4,48,0
189,8103780462.722,8103780482.359,8103781973.643,1490.855,1510.921,20.066,19.637,0.429,8489.079,0,0.000,0,4,48,0
190,8103789567.178,8103789581.579,8103791090.887,1508.905,1523.709,14.804,14.401,0.403,8476.291,0,0.000,0,4,48,0
191,8103797563.589,8103797586.077,8103799071.548,1485.060,1507.959,22.899,22.488,0.411,8492.041,0,0.000,0,4,48,0
192,8103811213.677,8103811244.269,8103812764.993,1519.823,1551.316,31.493,30.592,0.901,8448.684,0,0.000,0,4,48,0
193,8103816832.226,8103816854.914,8103821612.134,1537.583,4779.908,3242.325,22.688,3219.637,5220.092,0,0.000,1,4,48,0
194,8103827412.495,8103827437.829,8103828999.796,1561.259,1587.301,26.042,25.334,0.708,8412.699,0,0.000,0,4,48,0
195,8103832727.735,8103832754.862,8103837731.596,1558.038,5003.861,3445.823,27.127,3418.696,4996.139,0,0.000,1,4,48,0
196,8103839296.996,8103839320.404,8103847431.371,1507.929,8134.375,6626.446,23.408,6603.038,1865.625,0,0.000,1,4,48,0
197,8103852982.368,8103853010.195,8103854617.875,1607.146,1635.507,28.361,27.827,0.534,8364.493,0,0.000,0,4,48,0
198,8103861610.453,8103861626.689,8103863169.639,1542.461,1559.186,16.725,16.236,0.489,8440.814,0,0.000,0,4,48,0
199,8103874612.121,8103874627.770,8103876171.530,1543.337,1559.409,16.072,15.649,0.423,8440.591,0,0.000,0,4,48,0
200,8103882228.972,8103882243.714,8103885453.204,1593.864,3224.232,1630.368,14.742,1615.626,6775.768,0,0.000,1,4,48,0
201,8103893163.437,8103893183.211,8103894724.910,1541.174,1561.473,20.299,19.774,0.525,8438.527,0,0.000,0,4,48,0
202,8103900060.994,8103900080.649,8103903793.692,1545.697,3732.698,2187.001,19.655,2167.346,6267.302,0,0.000,1,4,48,0
203,8103910162.783,8103910176.660,8103911628.870,1451.691,1466.087,14.396,13.877,0.519,8533.913,0,0.000,0,4,48,0
204,8103916211.167,8103916224.782,8103920891.414,1502.047,4680.247,3178.200,13.615,3164.585,5319.753,0,0.000,1,4,48,0
205,8103927548.823,8103927568.177,8103929217.185,1648.585,1668.362,19.777,19.354,0.423,8331.638,0,0.000,0,4,48,0
206,8103935758.783,8103935774.107,8103937905.932,1577.901,2147.149,569.248,15.324,553.924,7852.851,0,0.000,1,4,48,0
207,8103945018.844,8103945034.059,8103946541.315,1506.843,1522.471,15.628,15.215,0.413,8477.529,0,0.000,0,4,48,0
208,8103955354.626,8103955374.289,8103956895.259,1520.443,1540.633,20.190,19.663,0.527,8459.367,0,0.000,0,4,48,0
209,8103966399.395,8103966418.809,8103968014.262,1595.023,1614.867,19.844,19.414,0.430,8385.133,0,0.000,0,4,48,0
210,8103973815.003,8103973830.460,8103976865.779,1631.974,3050.776,1418.802,15.457,1403.345,6949.224,0,0.000,1,4,48,0
211,8103979746.514,8103979760.821,8103986706.500,1527.859,6959.986,5432.127,14.307,5417.820,3040.014,0,0.000,1,4,48,0
212,8103991744.000,8103991763.631,8103993345.630,1581.561,1601.630,20.069,19.631,0.438,8398.370,0,0.000,0,4,48,0
213,8104003098.800,8104003119.662,8104004713.840,1593.748,1615.040,21.292,20.862,0.430,8384.960,0,0.000,0,4,48,0
214,8104011801.209,8104011815.552,8104013391.613,1575.617,1590.404,14.787,14.343,0.444,8409.596,0,0.000,0,4,48,0
215,8104026845.055,8104026881.056,8104028488.604,1606.041,1643.549,37.508,36.001,1.507,8356.451,0,0.000,0,4,48,0
216,8104038303.480,8104038338.244,8104039822.970,1483.785,1519.490,35.705,34.764,0.941,8480.510,0,0.000,0,4,48,0
217,8104045723.382,8104045740.585,8104048583.042,1531.753,2859.660,1327.907,17.203,1310.704,7140.340,0,0.000,1,4,48,0
218,8104054806.213,8104054823.523,8104056358.328,1534.271,1552.115,17.844,17.310,0.534,8447.885,0,0.000,0,4,48,0
219,8104068422.835,8104068446.376,8104069981.673,1534.798,1558.838,24.040,23.541,0.499,8441.162,0,0.000,0,4,48,0
220,8104080225.983,8104080246.476,8104081765.774,1518.789,1539.791,21.002,20.493,0.509,8460.209,0,0.000,0,4,48,0
221,8104092145.122,8104092165.298,8104093762.476,1596.730,1617.354,20.624,20.176,0.448,8382.646,0,0.000,0,4,48,0
222,8104100008.654,8104100023.713,8104102702.768,1529.596,2694.114,1164.518,15.059,1149.459,7305.886,0,0.000,1,4,48,0
223,8104105470.026,8104105484.164,8104112267.690,1613.926,6797.664,5183.738,14.138,5169.600,3202.336,0,0.000,1,4,48,0
224,8104112185.683,8104112272.561,8104122175.854,1557.668,9990.171,8432.503,86.878,8345.625,9.829,0,0.000,1,4,48,0
225,8104117462.497,8104122180.515,8104123627.771,1446.827,6165.274,4718.447,4718.018,0.429,3834.726,0,0.000,0,4,48,0
226,8104124008.128,8104124024.093,8104132727.512,1542.768,8719.384,7176.616,15.965,7160.651,1280.616,0,0.000,1,4,48,0
227,8104130144.230,8104132732.215,8104142422.934,1538.782,12278.704,10739.922,2587.985,8151.937,-2278.704,1,2278.704,1,4,48,0
228,8104138071.802,8104142427.758,8104152164.786,1489.969,14092.984,12603.015,4355.956,8247.059,-4092.984,1,4092.984,1,4,48,0
229,8104151647.071,8104152181.415,8104153638.558,1456.692,1991.487,534.795,534.344,0.451,8008.513,0,0.000,0,4,48,0
230,8104161119.477,8104161141.548,8104162863.304,1572.129,1743.827,171.698,22.071,149.627,8256.173,0,0.000,1,4,48,0
231,8104174317.633,8104174340.913,8104175926.206,1584.828,1608.573,23.745,23.280,0.465,8391.427,0,0.000,0,4,48,0
232,8104185790.058,8104185809.907,8104187350.910,1540.592,1560.852,20.260,19.849,0.411,8439.148,0,0.000,0,4,48,0
233,8104194905.450,8104194925.094,8104196436.281,1510.677,1530.831,20.154,19.644,0.510,8469.169,0,0.000,0,4,48,0
234,8104209167.140,8104209187.123,8104210691.745,1504.197,1524.605,20.408,19.983,0.425,8475.395,0,0.000,0,4,48,0
235,8104217035.452,8104217051.415,8104218551.111,1499.265,1515.659,16.394,15.963,0.431,8484.341,0,0.000,0,4,48,0
236,8104227479.071,8104227498.509,8104228962.092,1463.080,1483.021,19.941,19.438,0.503,8516.979,0,0.000,0,4,48,0
237,8104240510.969,8104240531.250,8104242085.354,1553.606,1574.385,20.779,20.281,0.498,8425.615,0,0.000,0,4,48,0
238,8104245662.514,8104245679.335,8104250704.483,1509.483,5041.969,3532.486,16.821,3515.665,4958.031,0,0.000,1,4,48,0
239,8104256577.002,8104256598.941,8104258186.561,1587.130,1609.559,22.429,21.939,0.490,8390.441,0,0.000,0,4,48,0
240,8104263254.555,8104263272.331,8104267417.605,1565.198,4163.050,2597.852,17.776,2580.076,5836.950,0,0.000,1,4,48,0
241,8104277457.120,8104277477.124,8104278937.640,1460.086,1480.520,20.434,20.004,0.430,8519.480,0,0.000,0,4,48,0
242,8104289948.524,8104289968.200,8104291477.224,1508.541,1528.700,20.159,19.676,0.483,8471.300,0,0.000,0,4,48,0
243,8104299038.881,8104299055.642,8104300457.060,1400.975,1418.179,17.204,16.761,0.443,8581.821,0,0.000,0,4,48,0
244,8104310193.351,8104310213.551,8104311726.653,1512.534,1533.302,20.768,20.200,0.568,8466.698,0,0.000,0,4,48,0
245,8104317724.438,8104317740.217,8104320408.559,1472.619,2684.121,1211.502,15.779,1195.723,7315.879,0,0.000,1,4,48,0
246,8104326998.448,8104327021.261,8104328572.473,1550.671,1574.025,23.354,22.813,0.541,8425.975,0,0.000,0,4,48,0
247,8104341660.965,8104341680.419,8104343308.358,1627.560,1647.393,19.833,19.454,0.379,8352.607,0,0.000,0,4,48,0
248,8104350330.269,8104350344.367,8104351843.528,1498.714,1513.259,14.545,14.098,0.447,8486.741,0,0.000,0,4,48,0
249,8104362160.795,8104362180.814,8104363735.443,1554.129,1574.648,20.519,20.019,0.500,8425.352,0,0.000,0,4,48,0
250,8104369005.781,8104369033.381,8104372810.059,1611.683,3804.278,2192.595,27.600,2164.995,6195.722,0,0.000,1,4,48,0
251,8104377266.404,8104377288.422,8104382177.502,1595.698,4911.098,3315.400,22.018,3293.382,5088.902,0,0.000,1,4,48,0
252,8104390514.992,8104390546.422,8104392129.024,1581.746,1614.032,32.286,31.430,0.856,8385.968,0,0.000,0,4,48,0
253,8104402475.469,8104402496.416,8104404026.906,1529.977,1551.437,21.460,20.947,0.513,8448.563,0,0.000,0,4,48,0
254,8104409719.206,8104409734.256,8104412738.953,1523.630,3019.747,1496.117,15.050,1481.067,6980.253,0,0.000,1,4,48,0
255,8104419555.597,8104419573.641,8104421096.528,1522.480,1540.931,18.451,18.044,0.407,8459.069,0,0.000,0,4,48,0
256,8104425627.022,8104425646.214,8104429805.549,1600.739,4178.527,2577.788,19.192,2558.596,5821.473,0,0.000,1,4,48,0
257,8104431292.229,8104431309.590,8104439589.186,1523.486,8296.957,6773.471,17.361,6756.110,1703.043,0,0.000,1,4,48,0
258,8104439408.864,8104439593.693,8104449599.583,1433.366,10190.719,8757.353,184.829,8572.524,-190.719,1,190.719,1,4,48,0
259,8104446234.638,8104449604.138,8104451114.791,1510.257,4880.153,3369.896,3369.500,0.396,5119.847,0,0.000,0,4,48,0
260,8104456982.998,8104456998.380,8104460113.317,1557.196,3130.319,1573.123,15.382,1557.741,6869.681,0,0.000,1,4,48,0
261,8104469187.224,8104469206.686,8104470694.477,1487.380,1507.253,19.873,19.462,0.411,8492.747,0,0.000,0,4,48,0
262,8104482836.397,8104482856.008,8104484392.917,1536.428,1556.520,20.092,19.611,0.481,8443.480,0,0.000,0,4,48,0
263,8104489129.162,8104489149.823,8104493534.822,1544.657,4405.660,2861.003,20.661,2840.342,5594.340,0,0.000,1,4,48,0
264,8104494257.648,8104494271.339,8104502853.914,1537.714,8596.266,7058.552,13.691,7044.861,1403.734,0,0.000,1,4,48,0
265,8104506460.044,8104506479.390,8104507971.064,1491.225,1511.020,19.795,19.346,0.449,8488.980,0,0.000,0,4,48,0
266,8104514654.505,8104514668.650,8104516141.095,1472.041,1486.590,14.549,14.145,0.404,8513.410,0,0.000,0,4,48,0
267,8104523352.914,8104523366.206,8104524908.316,1541.703,1555.402,13.699,13.292,0.407,8444.598,0,0.000,0,4,48,0
268,8104533394.893,8104533408.404,8104534925.215,1516.391,1530.322,13.931,13.511,0.420,8469.678,0,0.000,0,4,48,0
269,8104541583.171,8104541602.072,8104543134.372,1531.903,1551.201,19.298,18.901,0.397,8448.799,0,0.000,0,4,48,0
270,8104556421.621,8104556441.275,8104557896.296,1454.597,1474.675,20.078,19.654,0.424,8525.325,0,0.000,0,4,48,0
271,8104564610.122,8104564625.485,8104566130.570,1504.637,1520.448,15.811,15.363,0.448,8479.552,0,0.000,0,4,48,0
272,8104570992.299,8104571009.823,8104575265.435,1643.321,4273.136,2629.815,17.524,2612.291,5726.864,0,0.000,1,4,48,0
273,8104577263.403,8104577277.501,8104584628.296,1616.823,7364.893,5748.070,14.098,5733.972,2635.107,0,0.000,1,4,48,0
274,8104589078.003,8104589097.990,8104590563.701,1465.194,1485.698,20.504,19.987,0.517,8514.302,0,0.000,0,4,48,0
275,8104598313.881,8104598327.686,8104599837.040,1508.935,1523.159,14.224,13.805,0.419,8476.841,0,0.000,0,4,48,0
276,8104613018.835,8104613037.438,8104614564.979,1527.095,1546.144,19.049,18.603,0.446,8453.856,0,0.000,0,4,48,0
277,8104618427.258,8104618446.917,8104623957.974,1474.275,5530.716,4056.441,19.659,4036.782,4469.284,0,0.000,1,4,48,0
278,8104632008.544,8104632033.493,8104633512.688,1478.781,1504.144,25.363,24.949,0.414,8495.856,0,0.000,0,4,48,0
279,8104644022.977,8104644042.267,8104645454.505,1411.717,1431.528,19.811,19.290,0.521,8568.472,0,0.000,0,4,48,0
280,8104652825.654,8104652840.253,8104654459.283,1618.513,1633.629,15.116,14.599,0.517,8366.371,0,0.000,0,4,48,0
281,8104662340.744,8104662362.051,8104663860.685,1498.236,1519.941,21.705,21.307,0.398,8480.059,0,0.000,0,4,48,0
282,8104676258.304,8104676277.514,8104677880.205,1602.259,1621.901,19.642,19.210,0.432,8378.099,0,0.000,0,4,48,0
283,8104683772.154,8104683791.996,8104686579.869,1524.977,2807.715,1282.738,19.842,1262.896,7192.285,0,0.000,1,4,48,0
284,8104692059.962,8104692081.666,8104696863.487,1520.337,4803.525,3283.188,21.704,3261.484,5196.475,0,0.000,1,4,48,0
285,8104701690.828,8104701710.479,8104703267.319,1556.355,1576.491,20.136,19.651,0.485,8423.509,0,0.000,0,4,48,0
286,8104716787.943,8104716819.586,8104718412.134,1591.519,1624.191,32.672,31.643,1.029,8375.809,0,0.000,0,4,48,0
287,8104730543.511,8104730567.670,8104732046.714,1478.285,1503.203,24.918,24.159,0.759,8496.797,0,0.000,0,4,48,0
288,8104740348.585,8104740380.532,8104742025.167,1643.247,1676.582,33.335,31.947,1.388,8323.418,0,0.000,0,4,48,0
289,8104751654.290,8104751694.442,8104753249.247,1553.480,1594.957,41.477,40.152,1.325,8405.043,0,0.000,0,4,48,0
290,8104766389.948,8104766425.742,8104767930.078,1503.302,1540.130,36.828,35.794,1.034,8459.870,0,0.000,0,4,48,0
291,8104772272.110,8104772304.125,8104777254.739,1541.973,4982.629,3440.656,32.015,3408.641,5017.371,0,0.000,1,4,48,0
292,8104779412.437,8104779441.465,8104786424.988,1521.344,7012.551,5491.207,29.028,5462.179,2987.449,0,0.000,1,4,48,0
293,8104787452.821,8104787477.234,8104796416.313,1475.495,8963.492,7487.997,24.413,7463.584,1036.508,0,0.000,1,4,48,0
294,8104792988.928,8104796428.876,8104797963.156,1533.330,4974.228,3440.898,3439.948,0.950,5025.772,0,0.000,0,4,48,0
295,8104804523.168,8104804560.574,8104807563.024,1593.157,3039.856,1446.699,37.406,1409.293,6960.144,0,0.000,1,4,48,0
296,8104811437.099,8104811470.753,8104816488.258,1601.514,5051.159,3449.645,33.654,3415.991,4948.841,0,0.000,1,4,48,0
297,8104825873.196,8104825904.868,8104827369.479,1463.715,1496.283,32.568,31.672,0.896,8503.717,0,0.000,0,4,48,0
298,8104836778.495,8104836805.251,8104838320.502,1514.189,1542.007,27.818,26.756,1.062,8457.993,0,0.000,0,4,48,0
299,8104846039.520,8104846073.553,8104847628.261,1553.282,1588.741,35.459,34.033,1.426,8411.259,0,0.000,0,4,48,0
300,8104856971.209,8104857011.419,8104858575.796,1563.265,1604.587,41.322,40.210,1.112,8395.413,0,0.000,0,4,48,0
301,8104868881.229,8104868912.496,8104870436.774,1523.392,1555.545,32.153,31.267,0.886,8444.455,0,0.000,0,4,48,0
302,8104879069.629,8104879096.411,8104880646.612,1549.117,1576.983,27.866,26.782,1.084,8423.017,0,0.000,0,4,48,0
303,8104892340.419,8104892360.548,8104893862.775,1501.457,1522.356,20.899,20.129,0.770,8477.644,0,0.000,0,4,48,0
304,8104901464.684,8104901481.232,8104903021.247,1539.531,1556.563,17.032,16.548,0.484,8443.437,0,0.000,0,4,48,0
305,8104913486.506,8104913507.690,8104915079.162,1570.933,1592.656,21.723,21.184,0.539,8407.344,0,0.000,0,4,48,0
306,8104923039.143,8104923055.472,8104924486.673,1430.467,1447.530,17.063,16.329,0.734,8552.470,0,0.000,0,4,48,0
307,8104931192.966,8104931209.219,8104932765.319,1555.659,1572.353,16.694,16.253,0.441,8427.647,0,0.000,0,4,48,0
308,8104938136.909,8104938153.335,8104941875.441,1512.877,3738.532,2225.655,16.426,2209.229,6261.468,0,0.000,1,4,48,0
309,8104948542.002,8104948560.131,8104950082.065,1521.288,1540.063,18.775,18.129,0.646,8459.937,0,0.000,0,4,48,0
310,8104958378.810,8104958398.821,8104959982.169,1582.739,1603.359,20.620,20.011,0.609,8396.641,0,0.000,0,4,48,0
311,8104971996.190,8104972032.241,8104973450.957,1418.268,1454.767,36.499,36.051,0.448,8545.233,0,0.000,0,4,48,0
312,8104979597.893,8104979619.583,8104981173.308,1553.276,1575.415,22.139,21.690,0.449,8424.585,0,0.000,0,4,48,0
313,8104986413.671,8104986428.633,8104990636.417,1607.696,4222.746,2615.050,14.962,2600.088,5777.254,0,0.000,1,4,48,0
314,8104998937.116,8104998956.477,8105000556.940,1599.983,1619.824,19.841,19.361,0.480,8380.176,0,0.000,0,4,48,0
315,8105004069.578,8105004084.758,8105009617.961,1575.253,5548.383,3973.130,15.180,3957.950,4451.617,0,0.000,1,4,48,0
316,8105012370.866,8105012386.308,8105018953.211,1520.995,6582.345,5061.350,15.442,5045.908,3417.655,0,0.000,1,4,48,0
317,8105025827.754,8105025847.351,8105027378.415,1530.378,1550.661,20.283,19.597,0.686,8449.339,0,0.000,0,4,48,0
318,8105032827.692,8105032849.739,8105036185.832,1503.802,3358.140,1854.338,22.047,1832.291,6641.860,0,0.000,1,4,48,0
319,8105044268.482,8105044288.432,8105045825.092,1536.243,1556.610,20.367,19.950,0.417,8443.390,0,0.000,0,4,48,0
320,8105057581.241,8105057617.599,8105059159.508,1540.378,1578.267,37.889,36.358,1.531,8421.733,0,0.000,0,4,48,0
321,8105069704.721,8105069732.962,8105071309.856,1575.966,1605.135,29.169,28.241,0.928,8394.865,0,0.000,0,4,48,0
322,8105082873.429,8105082899.161,8105084477.117,1576.991,1603.688,26.697,25.732,0.965,8396.312,0,0.000,0,4,48,0
323,8105089727.109,8105089746.072,8105093136.832,1513.049,3409.723,1896.674,18.963,1877.711,6590.277,0,0.000,1,4,48,0
324,8105098760.058,8105098783.879,8105100342.166,1557.721,1582.108,24.387,23.821,0.566,8417.892,0,0.000,0,4,48,0
325,8105113305.984,8105113325.798,8105114777.052,1450.758,1471.068,20.310,19.814,0.496,8528.932,0,0.000,0,4,48,0
326,8105125686.447,8105125705.811,8105127249.595,1543.363,1563.148,19.785,19.364,0.421,8436.852,0,0.000,0,4,48,0
327,8105135695.204,8105135712.222,8105137240.976,1528.334,1545.772,17.438,17.018,0.420,8454.228,0,0.000,0,4,48,0
328,8105146544.702,8105146564.319,8105148114.833,1550.021,1570.131,20.110,19.617,0.493,8429.869,0,0.000,0,4,48,0
329,8105151866.650,8105151887.525,8105156916.258,1479.928,5049.608,3569.680,20.875,3548.805,4950.392,0,0.000,1,4,48,0
330,8105164751.450,8105164771.577,8105166362.580,1590.507,1611.130,20.623,20.127,0.496,8388.870,0,0.000,0,4,48,0
331,8105175410.723,8105175429.870,8105176960.354,1530.042,1549.631,19.589,19.147,0.442,8450.369,0,0.000,0,4,48,0
332,8105187637.653,8105187657.421,8105189194.961,1537.010,1557.308,20.298,19.768,0.530,8442.692,0,0.000,0,4,48,0
333,8105196251.422,8105196271.092,8105197813.323,1541.732,1561.901,20.169,19.670,0.499,8438.099,0,0.000,0,4,48,0
334,8105202885.919,8105202903.035,8105206641.932,1485.061,3756.013,2270.952,17.116,2253.836,6243.987,0,0.000,1,4,48,0
335,8105217804.685,8105217824.494,8105219418.267,1593.373,1613.582,20.209,19.809,0.400,8386.418,0,0.000,0,4,48,0
336,8105226099.535,8105226118.913,8105227677.074,1557.735,1577.539,19.804,19.378,0.426,8422.461,0,0.000,0,4,48,0
337,8105239911.962,8105239931.279,8105241512.116,1580.339,1600.154,19.815,19.317,0.498,8399.846,0,0.000,0,4,48,0
338,8105245664.387,8105245681.052,8105250104.057,1507.611,4439.670,2932.059,16.665,2915.394,5560.330,0,0.000,1,4,48,0
339,8105255590.738,8105255610.080,8105257161.605,1551.116,1570.867,19.751,19.342,0.409,8429.133,0,0.000,0,4,48,0
340,8105267356.921,8105267376.788,8105268923.861,1546.644,1566.940,20.296,19.867,0.429,8433.060,0,0.000,0,4,48,0
341,8105276728.844,8105276748.474,8105278243.905,1494.959,1515.061,20.102,19.630,0.472,8484.939,0,0.000,0,4,48,0
342,8105288132.772,8105288156.293,8105289615.359,1458.452,1482.587,24.135,23.521,0.614,8517.413,0,0.000,0,4,48,0
343,8105299641.681,8105299661.617,8105301149.577,1487.547,1507.896,20.349,19.936,0.413,8492.104,0,0.000,0,4,48,0
344,8105311100.041,8105311119.460,8105312600.961,1481.008,1500.920,19.912,19.419,0.493,8499.080,0,0.000,0,4,48,0
345,8105319292.172,8105319313.259,8105320832.248,1518.422,1540.076,21.654,21.087,0.567,8459.924,0,0.000,0,4,48,0
346,8105325716.739,8105325730.937,8105329561.484,1535.045,3844.745,2309.700,14.198,2295.502,6155.255,0,0.000,1,4,48,0
347,8105335423.170,8105335436.850,8105336948.900,1511.571,1525.730,14.159,13.680,0.479,8474.270,0,0.000,0,4,48,0
348,8105346918.945,8105346938.984,8105348567.504,1628.022,1648.559,20.537,20.039,0.498,8351.441,0,0.000,0,4,48,0
349,8105356979.265,8105356996.308,8105358534.185,1537.372,1554.920,17.548,17.043,0.505,8445.080,0,0.000,0,4,48,0
350,8105365924.446,8105365943.607,8105367491.575,1547.437,1567.129,19.692,19.161,0.531,8432.871,0,0.000,0,4,48,0
351,8105371380.637,8105371394.965,8105376880.713,1554.973,5500.076,3945.103,14.328,3930.775,4499.924,0,0.000,1,4,48,0
352,8105378538.199,8105378559.683,8105385970.372,1470.186,7432.173,5961.987,21.484,5940.503,2567.827,0,0.000,1,4,48,0
353,8105384913.068,8105385974.529,8105395943.305,1567.330,11030.237,9462.907,1061.461,8401.446,-1030.237,1,1030.237,1,4,48,0
354,8105392211.777,8105395948.812,8105397538.032,1588.764,5326.255,3737.491,3737.035,0.456,4673.745,0,0.000,0,4,48,0
355,8105401774.504,8105401794.248,8105407239.301,1514.435,5464.797,3950.362,19.744,3930.618,4535.203,0,0.000,1,4,48,0
356,8105413353.367,8105413369.455,8105414974.681,1604.594,1621.314,16.720,16.088,0.632,8378.686,0,0.000,0,4,48,0
357,8105420651.434,8105420673.216,8105423646.217,1616.392,2994.783,1378.391,21.782,1356.609,7005.217,0,0.000,1,4,48,0
358,8105433798.110,8105433814.547,8105435316.330,1501.270,1518.220,16.950,16.437,0.513,8481.780,0,0.000,0,4,48,0
359,8105445493.405,8105445508.360,8105447038.144,1529.210,1544.739,15.529,14.955,0.574,8455.261,0,0.000,0,4,48,0
360,8105458257.870,8105458275.239,8105459841.701,1557.445,1583.831,26.386,17.369,9.017,8416.169,0,0.000,0,4,48,0
361,8105471808.012,8105471831.943,8105473370.532,1538.092,1562.520,24.428,23.931,0.497,8437.480,0,0.000,0,4,48,0
362,8105476836.148,8105476856.953,8105482263.536,1594.844,5427.388,3832.544,20.805,3811.739,4572.612,0,0.000,1,4,48,0
363,8105485158.902,8105485178.042,8105492635.724,1643.888,7476.822,5832.934,19.140,5813.794,2523.178,0,0.000,1,4,48,0
364,8105494325.453,8105494339.384,8105501834.574,1500.763,7509.121,6008.358,13.931,5994.427,2490.879,0,0.000,1,4,48,0
365,8105508751.194,8105508777.360,8105510332.157,1554.311,1580.963,26.652,26.166,0.486,8419.037,0,0.000,0,4,48,0
366,8105518369.704,8105518383.948,8105519908.825,1524.450,1539.121,14.671,14.244,0.427,8460.879,0,0.000,0,4,48,0
367,8105532855.257,8105532877.656,8105534452.998,1574.796,1597.741,22.945,22.399,0.546,8402.259,0,0.000,0,4,48,0
368,8105542313.440,8105542332.759,8105543879.183,1545.934,1565.743,19.809,19.319,0.490,8434.257,0,0.000,0,4,48,0
369,8105555187.921,8105555207.347,8105556649.663,1441.832,1461.742,19.910,19.426,0.484,8538.258,0,0.000,0,4,48,0
370,8105562937.961,8105562952.775,8105564462.461,1509.164,1524.500,15.336,14.814,0.522,8475.500,0,0.000,0,4,48,0
371,8105575125.608,8105575147.123,8105576756.804,1609.178,1631.196,22.018,21.515,0.503,8368.804,0,0.000,0,4,48,0
372,8105585597.674,8105585630.480,8105587188.369,1557.091,1590.695,33.604,32.806,0.798,8409.305,0,0.000,0,4,48,0
373,8105593403.709,8105593424.061,8105596630.058,1603.634,3226.349,1622.715,20.352,1602.363,6773.651,0,0.000,1,4,48,0
374,8105605649.840,8105605669.541,8105607255.063,1585.035,1605.223,20.188,19.701,0.487,8394.777,0,0.000,0,4,48,0
375,8105618163.766,8105618183.138,8105619629.630,1446.078,1465.864,19.786,19.372,0.414,8534.136,0,0.000,0,4,48,0
376,8105624684.775,8105624699.299,8105628361.922,1493.581,3677.147,2183.566,14.524,2169.042,6322.853,0,0.000,1,4,48,0
377,8105635951.356,8105635972.524,8105637508.826,1535.869,1557.470,21.601,21.168,0.433,8442.530,0,0.000,0,4,48,0
378,8105649835.175,8105649854.755,8105651322.802,1467.562,1487.627,20.065,19.580,0.485,8512.373,0,0.000,0,4,48,0
379,8105655708.546,8105655723.188,8105660067.708,1505.492,4359.162,2853.670,14.642,2839.028,5640.838,0,0.000,1,4,48,0
380,8105670417.535,8105670437.536,8105672052.535,1614.530,1635.000,20.470,20.001,0.469,8365.000,0,0.000,0,4,48,0
381,8105676692.072,8105676710.281,8105680805.448,1673.753,4113.376,2439.623,18.209,2421.414,5886.624,0,0.000,1,4,48,0
382,8105682206.777,8105682228.501,8105691167.031,1509.687,8960.254,7450.567,21.724,7428.843,1039.746,0,0.000,1,4,48,0
383,8105694769.026,8105694788.729,8105696305.532,1516.357,1536.506,20.149,19.703,0.446,8463.494,0,0.000,0,4,48,0
384,8105702643.440,8105702662.897,8105704270.804,1607.493,1627.364,19.871,19.457,0.414,8372.636,0,0.000,0,4,48,0
385,8105709320.180,8105709337.923,8105713556.948,1574.038,4236.768,2662.730,17.743,2644.987,5763.232,0,0.000,1,4,48,0
386,8105723016.543,8105723035.744,8105724574.142,1537.996,1557.599,19.603,19.201,0.402,8442.401,0,0.000,0,4,48,0
387,8105733143.138,8105733163.426,8105734651.373,1487.535,1508.235,20.700,20.288,0.412,8491.765,0,0.000,0,4,48,0
388,8105742209.381,8105742232.690,8105743791.155,1558.047,1581.774,23.727,23.309,0.418,8418.226,0,0.000,0,4,48,0
389,8105751178.416,8105751192.200,8105752702.292,1509.676,1523.876,14.200,13.784,0.416,8476.124,0,0.000,0,4,48,0
390,8105757775.792,8105757794.261,8105761483.544,1505.701,3707.752,2202.051,18.469,2183.582,6292.248,0,0.000,1,4,48,0
391,8105764792.283,8105764807.379,8105771479.706,1489.839,6687.423,5197.584,15.096,5182.488,3312.577,0,0.000,1,4,48,0
392,8105777765.518,8105777792.960,8105779331.956,1538.522,1566.438,27.916,27.442,0.474,8433.562,0,0.000,0,4,48,0
393,8105791279.662,8105791299.905,8105792798.261,1497.840,1518.599,20.759,20.243,0.516,8481.401,0,0.000,0,4,48,0
394,8105802654.989,8105802674.503,8105804277.604,1602.681,1622.615,19.934,19.514,0.420,8377.385,0,0.000,0,4,48,0
395,8105812879.909,8105812896.157,8105814452.231,1555.588,1572.322,16.734,16.248,0.486,8427.678,0,0.000,0,4,48,0
396,8105825133.805,8105825156.027,8105826738.688,1582.216,1604.883,22.667,22.222,0.445,8395.117,0,0.000,0,4,48,0
397,8105834486.997,8105834501.470,8105836076.954,1575.008,1589.957,14.949,14.473,0.476,8410.043,0,0.000,0,4,48,0
398,8105848059.319,8105848078.585,8105849560.038,1481.029,1500.719,19.690,19.266,0.424,8499.281,0,0.000,0,4,48,0
399,8105862937.839,8105862958.704,8105864566.015,1606.792,1628.176,21.384,20.865,0.519,8371.824,0,0.000,0,4,48,0
400,8105872366.440,8105872383.322,8105873895.385,1511.464,1528.945,17.481,16.882,0.599,8471.055,0,0.000,0,4,48,0
401,8105885896.188,8105885917.640,8105887505.233,1587.132,1609.045,21.913,21.452,0.461,8390.955,0,0.000,0,4,48,0
402,8105899053.869,8105899073.703,8105900587.320,1513.209,1533.451,20.242,19.834,0.408,8466.549,0,0.000,0,4,48,0
403,8105910347.873,8105910367.180,8105911868.645,1500.972,1520.772,19.800,19.307,0.493,8479.228,0,0.000,0,4,48,0
404,8105918756.443,8105918770.185,8105920216.702,1446.094,1460.259,14.165,13.742,0.423,8539.741,0,0.000,0,4,48,0
405,8105931912.929,8105931932.225,8105933423.839,1491.221,1510.910,19.689,19.296,0.393,8489.090,0,0.000,0,4,48,0
406,8105945388.893,8105945409.990,8105946920.007,1509.600,1531.114,21.514,21.097,0.417,8468.886,0,0.000,0,4,48,0
407,8105959888.316,8105959907.238,8105961432.753,1525.107,1544.437,19.330,18.922,0.408,8455.563,0,0.000,0,4,48,0
408,8105966005.366,8105966023.093,8105970532.372,1616.395,4527.006,2910.611,17.727,2892.884,5472.994,0,0.000,1,4,48,0
409,8105971165.073,8105971180.203,8105980593.497,1519.502,9428.424,7908.922,15.130,7893.792,571.576,0,0.000,1,4,48,0
410,8105984321.241,8105984340.647,8105985869.505,1528.460,1548.264,19.804,19.406,0.398,8451.736,0,0.000,0,4,48,0
411,8105997141.022,8105997160.395,8105998730.842,1569.994,1589.820,19.826,19.373,0.453,8410.180,0,0.000,0,4,48,0
412,8106003928.437,8106003946.853,8106007665.582,1574.028,3737.145,2163.117,18.416,2144.701,6262.855,0,0.000,1,4,48,0
413,8106012503.349,8106012516.698,8106017165.564,1503.315,4662.215,3158.900,13.349,3145.551,5337.785,0,0.000,1,4,48,0
414,8106021870.443,8106021885.354,8106023434.848,1549.020,1564.405,15.385,14.911,0.474,8435.595,0,0.000,0,4,48,0
415,8106036687.280,8106036715.009,8106038274.995,1558.864,1587.715,28.851,27.729,1.122,8412.285,0,0.000,0,4,48,0
416,8106047408.828,8106047429.396,8106049046.061,1616.100,1637.233,21.133,20.568,0.565,8362.767,0,0.000,0,4,48,0
417,8106054126.931,8106054146.013,8106058034.704,1475.500,3907.773,2432.273,19.082,2413.191,6092.227,0,0.000,1,4,48,0
418,8106062428.365,8106062448.075,8106067429.402,1446.409,5001.037,3554.628,19.710,3534.918,4998.963,0,0.000,1,4,48,0
419,8106076428.359,8106076447.191,8106078097.597,1650.006,1669.238,19.232,18.832,0.400,8330.762,0,0.000,0,4,48,0
420,8106083158.798,8106083173.334,8106087134.524,1528.141,3975.726,2447.585,14.536,2433.049,6024.274,0,0.000,1,4,48,0
421,8106089942.586,8106089956.642,8106096959.495,1569.304,7016.909,5447.605,14.056,5433.549,2983.091,0,0.000,1,4,48,0
422,8106099614.865,8106099632.026,8106106696.740,1621.447,7081.875,5460.428,17.161,5443.267,2918.125,0,0.000,1,4,48,0
423,8106106332.594,8106106700.938,8106108232.745,1531.384,1900.151,368.767,368.344,0.423,8099.849,0,0.000,0,4,48,0
424,8106117951.091,8106117970.884,8106119603.500,1632.197,1652.409,20.212,19.793,0.419,8347.591,0,0.000,0,4,48,0
425,8106131140.435,8106131161.622,8106132717.300,1555.262,1576.865,21.603,21.187,0.416,8423.135,0,0.000,0,4,48,0
426,8106140974.801,8106140988.912,8106142517.565,1528.219,1542.764,14.545,14.111,0.434,8457.236,0,0.000,0,4,48,0
427,8106149730.489,8106149744.111,8106151247.000,1502.488,1516.511,14.023,13.622,0.401,8483.489,0,0.000,0,4,48,0
428,8106163069.065,8106163087.718,8106164621.848,1533.723,1552.783,19.060,18.653,0.407,8447.217,0,0.000,0,4,48,0
429,8106174537.033,8106174556.646,8106176105.002,1547.861,1567.969,20.108,19.613,0.495,8432.031,0,0.000,0,4,48,0
430,8106182160.911,8106182175.837,8106185210.910,1493.446,3049.999,1556.553,14.926,1541.627,6950.001,0,0.000,1,4,48,0
431,8106192883.762,8106192904.726,8106194371.611,1466.481,1487.849,21.368,20.964,0.404,8512.151,0,0.000,0,4,48,0
432,8106198590.688,8106198609.743,8106202978.883,1474.008,4388.195,2914.187,19.055,2895.132,5611.805,0,0.000,1,4,48,0
433,8106209566.742,8106209585.578,8106211184.829,1598.850,1618.087,19.237,18.836,0.401,8381.913,0,0.000,0,4,48,0
434,8106221517.746,8106221537.324,8106223073.886,1536.147,1556.140,19.993,19.578,0.415,8443.860,0,0.000,0,4,48,0
435,8106228235.149,8106228249.232,8106232364.279,1593.428,4129.130,2535.702,14.083,2521.619,5870.870,0,0.000,1,4,48,0
436,8106237856.707,8106237876.892,8106239561.465,1684.163,1704.758,20.595,20.185,0.410,8295.242,0,0.000,0,4,48,0
437,8106250466.188,8106250485.184,8106251984.901,1499.305,1518.713,19.408,18.996,0.412,8481.287,0,0.000,0,4,48,0
438,8106260538.316,8106260552.726,8106262128.099,1574.975,1589.783,14.808,14.410,0.398,8410.217,0,0.000,0,4,48,0
439,8106272644.706,8106272663.888,8106274130.374,1466.047,1485.668,19.621,19.182,0.439,8514.332,0,0.000,0,4,48,0
440,8106283222.649,8106283242.082,8106284814.542,1572.024,1591.893,19.869,19.433,0.436,8408.107,0,0.000,0,4,48,0
441,8106292451.934,8106292466.647,8106294069.703,1602.629,1617.769,15.140,14.713,0.427,8382.231,0,0.000,0,4,48,0
442,8106300861.804,8106300875.452,8106302361.835,1485.987,1500.031,14.044,13.648,0.396,8499.969,0,0.000,0,4,48,0
443,8106306139.051,8106306159.801,8106311588.813,1551.651,5449.762,3898.111,20.750,3877.361,4550.238,0,0.000,1,4,48,0
444,8106313417.419,8106313431.044,8106320890.201,1445.735,7472.782,6027.047,13.625,6013.422,2527.218,0,0.000,1,4,48,0
445,8106319517.559,8106320895.046,8106330876.082,1582.375,11358.523,9776.148,1377.487,8398.661,-1358.523,1,1358.523,1,4,48,0
446,8106332896.412,8106332915.710,8106334551.749,1635.620,1655.337,19.717,19.298,0.419,8344.663,0,0.000,0,4,48,0
447,8106339085.002,8106339104.239,8106343521.672,1516.627,4436.670,2920.043,19.237,2900.806,5563.330,0,0.000,1,4,48,0
448,8106349587.164,8106349606.314,8106351228.361,1621.614,1641.197,19.583,19.150,0.433,8358.803,0,0.000,0,4,48,0
449,8106364251.882,8106364271.478,8106365848.248,1576.359,1596.366,20.007,19.596,0.411,8403.634,0,0.000,0,4,48,0
450,8106369541.063,8106369555.776,8106375399.685,1585.648,5858.622,4272.974,14.713,4258.261,4141.378,0,0.000,1,4,48,0
451,8106383788.844,8106383810.201,8106385391.198,1580.578,1602.354,21.776,21.357,0.419,8397.646,0,0.000,0,4,48,0
452,8106390969.788,8106390984.424,8106394290.762,1513.691,3320.974,1807.283,14.636,1792.647,6679.026,0,0.000,1,4,48,0
453,8106397291.515,8106397305.388,8106403805.088,1516.720,6513.573,4996.853,13.873,4982.980,3486.427,0,0.000,1,4,48,0
454,8106408487.342,8106408506.325,8106410022.897,1516.168,1535.555,19.387,18.983,0.404,8464.445,0,0.000,0,4,48,0
455,8106416010.245,8106416031.541,8106419088.202,1565.071,3077.957,1512.886,21.296,1491.590,6922.043,0,0.000,1,4,48,0
456,8106429285.136,8106429309.392,8106430801.331,1491.498,1516.195,24.697,24.256,0.441,8483.805,0,0.000,0,4,48,0
457,8106444103.190,8106444124.146,8106445622.996,1498.446,1519.806,21.360,20.956,0.404,8480.194,0,0.000,0,4,48,0
458,8106455345.266,8106455364.332,8106456944.155,1579.403,1598.889,19.486,19.066,0.420,8401.111,0,0.000,0,4,48,0
459,8106462791.594,8106462807.120,8106465704.332,1548.730,2912.738,1364.008,15.526,1348.482,7087.262,0,0.000,1,4,48,0
460,8106477842.556,8106477862.246,8106479498.645,1635.873,1656.089,20.216,19.690,0.526,8343.911,0,0.000,0,4,48,0
461,8106486071.750,8106486091.696,8106488498.734,1559.791,2426.984,867.193,19.946,847.247,7573.016,0,0.000,1,4,48,0
462,8106499028.212,8106499047.960,8106500697.608,1649.092,1669.396,20.304,19.748,0.556,8330.604,0,0.000,0,4,48,0
463,8106513968.147,8106513988.670,8106515558.224,1569.157,1590.077,20.920,20.523,0.397,8409.923,0,0.000,0,4,48,0
464,8106525334.378,8106525354.687,8106526815.788,1460.669,1481.410,20.741,20.309,0.432,8518.590,0,0.000,0,4,48,0
465,8106534168.707,8106534183.174,8106535636.094,1452.422,1467.387,14.965,14.467,0.498,8532.613,0,0.000,0,4,48,0
466,8106548774.843,8106548794.321,8106550360.284,1565.434,1585.441,20.007,19.478,0.529,8414.559,0,0.000,0,4,48,0
467,8106553670.974,8106553691.046,8106559035.903,1566.068,5364.929,3798.861,20.072,3778.789,4635.071,0,0.000,1,4,48,0
468,8106561913.230,8106561926.907,8106569181.241,1465.548,7268.011,5802.463,13.677,5788.786,2731.989,0,0.000,1,4,48,0
469,8106569390.720,8106569410.358,8106578790.825,1501.656,9400.105,7898.449,19.638,7878.811,599.895,0,0.000,1,4,48,0
470,8106580844.994,8106580864.592,8106582433.533,1568.504,1588.539,20.035,19.598,0.437,8411.461,0,0.000,0,4,48,0
471,8106586913.035,8106586935.150,8106591351.326,1567.801,4438.291,2870.490,22.115,2848.375,5561.709,0,0.000,1,4,48,0
472,8106592541.604,8106592555.327,8106600965.951,1547.277,8424.347,6877.070,13.723,6863.347,1575.653,0,0.000,1,4,48,0
473,8106607325.044,8106607343.834,8106608901.682,1557.426,1576.638,19.212,18.790,0.422,8423.362,0,0.000,0,4,48,0
474,8106614700.943,8106614715.315,8106617591.363,1546.809,2890.420,1343.611,14.372,1329.239,7109.580,0,0.000,1,4,48,0
475,8106628819.029,8106628838.218,8106630365.642,1527.016,1546.613,19.597,19.189,0.408,8453.387,0,0.000,0,4,48,0
476,8106640697.204,8106640717.710,8106642260.630,1542.506,1563.426,20.920,20.506,0.414,8436.574,0,0.000,0,4,48,0
477,8106655340.326,8106655359.302,8106656862.165,1502.429,1521.839,19.410,18.976,0.434,8478.161,0,0.000,0,4,48,0
478,8106667649.118,8106667669.565,8106669330.022,1660.043,1680.904,20.861,20.447,0.414,8319.096,0,0.000,0,4,48,0
479,8106681206.386,8106681225.873,8106682682.299,1456.024,1475.913,19.889,19.487,0.402,8524.087,0,0.000,0,4,48,0
480,8106693145.650,8106693164.720,8106694749.098,1583.939,1603.448,19.509,19.070,0.439,8396.552,0,0.000,0,4,48,0
481,8106699771.662,8106699786.741,8106703574.884,1637.703,3803.222,2165.519,15.079,2150.440,6196.778,0,0.000,1,4,48,0
482,8106713389.793,8106713408.474,8106715035.162,1626.283,1645.369,19.086,18.681,0.405,8354.631,0,0.000,0,4,48,0
483,8106728177.294,8106728196.402,8106729678.349,1481.524,1501.055,19.531,19.108,0.423,8498.945,0,0.000,0,4,48,0
484,8106740016.090,8106740045.388,8106741547.059,1500.308,1530.969,30.661,29.298,1.363,8469.031,0,0.000,0,4,48,0
485,8106753458.629,8106753480.636,8106755103.894,1622.537,1645.265,22.728,22.007,0.721,8354.735,0,0.000,0,4,48,0
486,8106763191.273,8106763212.166,8106764723.936,1511.358,1532.663,21.305,20.893,0.412,8467.337,0,0.000,0,4,48,0
487,8106775484.491,8106775505.011,8106776998.125,1492.613,1513.634,21.021,20.520,0.501,8486.366,0,0.000,0,4,48,0
488,8106781188.500,8106781209.114,8106786296.731,1597.537,5108.231,3510.694,20.614,3490.080,4891.769,0,0.000,1,4,48,0
489,8106793159.072,8106793178.849,8106794704.903,1525.640,1545.831,20.191,19.777,0.414,8454.169,0,0.000,0,4,48,0
490,8106799676.325,8106799698.002,8106803353.788,1487.639,3677.463,2189.824,21.677,2168.147,6322.537,0,0.000,1,4,48,0
491,8106806703.932,8106806724.756,8106813464.875,1574.912,6760.943,5186.031,20.824,5165.207,3239.057,0,0.000,1,4,48,0
492,8106819240.342,8106819260.223,8106820765.546,1504.910,1525.204,20.294,19.881,0.413,8474.796,0,0.000,0,4,48,0
493,8106831866.192,8106831887.584,8106833539.480,1651.418,1673.288,21.870,21.392,0.478,8326.712,0,0.000,0,4,48,0
494,8106844389.390,8106844408.922,8106845905.221,1495.874,1515.831,19.957,19.532,0.425,8484.169,0,0.000,0,4,48,0
495,8106856073.195,8106856092.780,8106857698.662,1605.451,1625.467,20.016,19.585,0.431,8374.533,0,0.000,0,4,48,0
496,8106868770.733,8106868790.154,8106870321.914,1531.359,1551.181,19.822,19.421,0.401,8448.819,0,0.000,0,4,48,0
497,8106878979.874,8106879007.169,8106880602.753,1595.133,1622.879,27.746,27.295,0.451,8377.121,0,0.000,0,4,48,0
498,8106893612.614,8106893634.954,8106895247.942,1612.534,1635.328,22.794,22.340,0.454,8364.672,0,0.000,0,4,48,0
499,8106903737.315,8106903751.646,8106905377.457,1625.309,1640.142,14.833,14.331,0.502,8359.858,0,0.000,0,4,48,0
500,8106912217.816,8106912236.720,8106913814.131,1576.992,1596.315,19.323,18.904,0.419,8403.685,0,0.000,0,4,48,0
501,8106918512.991,8106918527.250,8106923271.046,1507.846,4758.055,3250.209,14.259,3235.950,5241.945,0,0.000,1,4,48,0
502,8106930782.832,8106930802.194,8106932416.944,1614.332,1634.112,19.780,19.362,0.418,8365.888,0,0.000,0,4,48,0
503,8106937491.602,8106937505.684,8106941788.332,1496.593,4296.730,2800.137,14.082,2786.055,5703.270,0,0.000,1,4,48,0
504,8106944865.531,8106944880.176,8106951284.504,1611.706,6418.973,4807.267,14.645,4792.622,3581.027,0,0.000,1,4,48,0
505,8106956874.971,8106956896.248,8106958440.451,1543.753,1565.480,21.727,21.277,0.450,8434.520,0,0.000,0,4,48,0
506,8106963710.085,8106963724.104,8106967112.708,1509.363,3402.623,1893.260,14.019,1879.241,6597.377,0,0.000,1,4,48,0
507,8106970520.429,8106970535.903,8106976907.994,1490.950,6387.565,4896.615,15.474,4881.141,3612.435,0,0.000,1,4,48,0
508,8106980035.139,8106980049.389,8106981693.039,1643.113,1657.900,14.787,14.250,0.537,8342.100,0,0.000,0,4,48,0
509,8106993871.005,8106993890.686,8106995457.997,1566.876,1586.992,20.116,19.681,0.435,8413.008,0,0.000,0,4,48,0
510,8107003104.457,8107003118.550,8107004611.867,1492.871,1507.410,14.539,14.093,0.446,8492.590,0,0.000,0,4,48,0
511,8107009588.469,8107009601.842,8107013230.844,1522.454,3642.375,2119.921,13.373,2106.548,6357.625,0,0.000,1,4,48,0
512,8107018347.209,8107018362.352,8107019841.021,1478.169,1493.812,15.643,15.143,0.500,8506.188,0,0.000,0,4,48,0
513,8107025717.882,8107025731.360,8107028637.776,1556.889,2919.894,1363.005,13.478,1349.527,7080.106,0,0.000,1,4,48,0
514,8107035195.970,8107035217.376,8107036747.585,1529.390,1551.615,22.225,21.406,0.819,8448.385,0,0.000,0,4,48,0
515,8107048797.207,8107048816.699,8107050370.411,1553.234,1573.204,19.970,19.492,0.478,8426.796,0,0.000,0,4,48,0
516,8107058427.276,8107058440.951,8107059960.614,1519.250,1533.338,14.088,13.675,0.413,8466.662,0,0.000,0,4,48,0
517,8107066338.958,8107066358.494,8107067994.248,1635.309,1655.290,19.981,19.536,0.445,8344.710,0,0.000,0,4,48,0
518,8107075277.691,8107075298.997,8107076815.498,1516.068,1537.807,21.739,21.306,0.433,8462.193,0,0.000,0,4,48,0
519,8107086157.891,8107086180.254,8107087697.520,1516.550,1539.629,23.079,22.363,0.716,8460.371,0,0.000,0,4,48,0
520,8107092107.626,8107092127.445,8107096799.722,1509.588,4692.096,3182.508,19.819,3162.689,5307.904,0,0.000,1,4,48,0
521,8107099157.701,8107099177.849,8107106174.961,1510.390,7017.260,5506.870,20.148,5486.722,2982.740,0,0.000,1,4,48,0
522,8107111475.312,8107111493.717,8107113065.125,1570.995,1589.813,18.818,18.405,0.413,8410.187,0,0.000,0,4,48,0
523,8107125750.607,8107125773.315,8107127307.444,1533.705,1556.837,23.132,22.708,0.424,8443.163,0,0.000,0,4,48,0
524,8107130589.490,8107130607.035,8107135930.590,1555.804,5341.100,3785.296,17.545,3767.751,4658.900,0,0.000,1,4,48,0
525,8107144683.411,8107144702.518,8107146246.008,1543.055,1562.597,19.542,19.107,0.435,8437.403,0,0.000,0,4,48,0
526,8107150894.008,8107150910.007,8107155178.269,1578.552,4284.261,2705.709,15.999,2689.710,5715.739,0,0.000,1,4,48,0
527,8107162050.054,8107162069.117,8107163608.217,1538.604,1558.163,19.559,19.063,0.496,8441.837,0,0.000,0,4,48,0
528,8107167362.464,8107167377.277,8107172996.811,1554.713,5634.347,4079.634,14.813,4064.821,4365.653,0,0.000,1,4,48,0
529,8107180758.093,8107180776.845,8107182343.991,1566.720,1585.898,19.178,18.752,0.426,8414.102,0,0.000,0,4,48,0
530,8107192114.595,8107192133.624,8107193674.933,1540.879,1560.338,19.459,19.029,0.430,8439.662,0,0.000,0,4,48,0
531,8107197122.080,8107197136.918,8107202789.548,1524.703,5667.468,4142.765,14.838,4127.927,4332.532,0,0.000,1,4,48,0
532,8107211498.531,8107211519.449,8107213095.254,1575.397,1596.723,21.326,20.918,0.408,8403.277,0,0.000,0,4,48,0
533,8107222475.586,8107222494.299,8107224025.322,1530.601,1549.736,19.135,18.713,0.422,8450.264,0,0.000,0,4,48,0
534,8107231367.091,8107231380.788,8107232933.082,1551.895,1565.991,14.096,13.697,0.399,8434.009,0,0.000,0,4,48,0
535,8107244306.941,8107244326.049,8107245909.332,1582.875,1602.391,19.516,19.108,0.408,8397.609,0,0.000,0,4,48,0
536,8107251128.835,8107251149.761,8107254916.481,1456.129,3787.646,2331.517,20.926,2310.591,6212.354,0,0.000,1,4,48,0
537,8107263312.550,8107263332.044,8107264848.657,1516.203,1536.107,19.904,19.494,0.410,8463.893,0,0.000,0,4,48,0
538,8107274156.129,8107274177.294,8107275629.548,1451.833,1473.419,21.586,21.165,0.421,8526.581,0,0.000,0,4,48,0
539,8107289044.857,8107289064.168,8107290602.719,1538.125,1557.862,19.737,19.311,0.426,8442.138,0,0.000,0,4,48,0
540,8107294158.305,8107294173.575,8107299723.563,1499.798,5565.258,4065.460,15.270,4050.190,4434.742,0,0.000,1,4,48,0
541,8107299238.892,8107299727.921,8107309337.144,1554.649,10098.252,8543.603,489.029,8054.574,-98.252,1,98.252,1,4,48,0
542,8107314029.949,8107314050.660,8107315628.149,1577.060,1598.200,21.140,20.711,0.429,8401.800,0,0.000,0,4,48,0
543,8107318935.869,8107318950.834,8107324596.400,1600.707,5660.531,4059.824,14.965,4044.859,4339.469,0,0.000,1,4,48,0
544,8107327519.439,8107327533.888,8107334093.827,1511.469,6574.388,5062.919,14.449,5048.470,3425.612,0,0.000,1,4,48,0
545,8107339906.469,8107339929.586,8107341395.462,1465.281,1488.993,23.712,23.117,0.595,8511.007,0,0.000,0,4,48,0
546,8107345247.808,8107345269.735,8107350744.927,1563.432,5497.119,3933.687,21.927,3911.760,4502.881,0,0.000,1,4,48,0
547,8107359055.018,8107359074.844,8107360571.042,1495.701,1516.024,20.323,19.826,0.497,8483.976,0,0.000,0,4,48,0
548,8107369067.776,8107369082.555,8107370619.389,1536.274,1551.613,15.339,14.779,0.560,8448.387,0,0.000,0,4,48,0
549,8107380169.603,8107380189.312,8107381772.055,1582.335,1602.452,20.117,19.709,0.408,8397.548,0,0.000,0,4,48,0
550,8107387421.947,8107387442.232,8107391199.830,1584.882,3777.883,2193.001,20.285,2172.716,6222.117,0,0.000,1,4,48,0
551,8107395430.573,8107395445.274,8107400199.493,1520.900,4768.920,3248.020,14.701,3233.319,5231.080,0,0.000,1,4,48,0
552,8107404974.052,8107404988.121,8107406623.737,1635.206,1649.685,14.479,14.069,0.410,8350.315,0,0.000,0,4,48,0
553,8107415773.444,8107415793.676,8107417313.662,1519.438,1540.218,20.780,20.232,0.548,8459.782,0,0.000,0,4,48,0
554,8107425572.879,8107425587.559,8107427129.167,1541.115,1556.288,15.173,14.680,0.493,8443.712,0,0.000,0,4,48,0
555,8107436157.798,8107436177.007,8107437673.019,1495.580,1515.221,19.641,19.209,0.432,8484.779,0,0.000,0,4,48,0
556,8107445109.195,8107445127.786,8107446625.758,1497.529,1516.563,19.034,18.591,0.443,8483.437,0,0.000,0,4,48,0
557,8107452598.563,8107452618.831,8107455261.007,1529.024,2662.444,1133.420,20.268,1113.152,7337.556,0,0.000,1,4,48,0
558,8107464010.924,8107464033.323,8107465568.059,1534.329,1557.135,22.806,22.399,0.407,8442.865,0,0.000,0,4,48,0
559,8107476239.839,8107476259.590,8107477782.783,1522.776,1542.944,20.168,19.751,0.417,8457.056,0,0.000,0,4,48,0
560,8107485279.338,8107485293.579,8107486864.089,1570.029,1584.751,14.722,14.241,0.481,8415.249,0,0.000,0,4,48,0
561,8107500181.327,8107500200.989,8107501690.552,1489.037,1509.225,20.188,19.662,0.526,8490.775,0,0.000,0,4,48,0
562,8107509627.136,8107509640.839,8107511184.225,1542.980,1557.089,14.109,13.703,0.406,8442.911,0,0.000,0,4,48,0
563,8107517414.625,8107517437.207,8107520752.890,1687.298,3338.265,1650.967,22.582,1628.385,6661.735,0,0.000,1,4,48,0
564,8107525512.904,8107525530.683,8107529729.409,1570.217,4216.505,2646.288,17.779,2628.509,5783.495,0,0.000,1,4,48,0
565,8107540067.928,8107540089.026,8107541619.114,1529.600,1551.186,21.586,21.098,0.488,8448.814,0,0.000,0,4,48,0
566,8107549935.216,8107549951.395,8107551515.007,1563.122,1579.791,16.669,16.179,0.490,8420.209,0,0.000,0,4,48,0
567,8107560555.838,8107560575.091,8107562114.539,1539.023,1558.701,19.678,19.253,0.425,8441.299,0,0.000,0,4,48,0
568,8107566642.595,8107566656.757,8107570727.088,1510.685,4084.493,2573.808,14.162,2559.646,5915.507,0,0.000,1,4,48,0
569,8107577512.851,8107577532.527,8107579088.431,1555.424,1575.580,20.156,19.676,0.480,8424.420,0,0.000,0,4,48,0
570,8107589226.784,8107589248.052,8107590778.732,1530.201,1551.948,21.747,21.268,0.479,8448.052,0,0.000,0,4,48,0
571,8107603613.716,8107603633.298,8107605235.144,1601.457,1621.428,19.971,19.582,0.389,8378.572,0,0.000,0,4,48,0
572,8107611644.928,8107611662.674,8107613836.811,1554.059,2191.883,637.824,17.746,620.078,7808.117,0,0.000,1,4,48,0
573,8107625045.846,8107625065.024,8107626557.473,1492.037,1511.627,19.590,19.178,0.412,8488.373,0,0.000,0,4,48,0
574,8107630629.816,8107630648.589,8107635185.482,1488.129,4555.666,3067.537,18.773,3048.764,5444.334,0,0.000,1,4,48,0
575,8107638152.879,8107638173.863,8107645064.988,1559.738,6912.109,5352.371,20.984,5331.387,3087.891,0,0.000,1,4,48,0
576,8107651300.640,8107651337.952,8107652817.855,1478.319,1517.215,38.896,37.312,1.584,8482.785,0,0.000,0,4,48,0
577,8107664192.167,8107664225.554,8107665710.518,1484.012,1518.351,34.339,33.387,0.952,8481.649,0,0.000,0,4,48,0
578,8107669295.207,8107669313.333,8107675127.857,1602.038,5832.650,4230.612,18.126,4212.486,4167.350,0,0.000,1,4,48,0
579,8107681559.604,8107681579.211,8107683047.007,1467.283,1487.403,20.120,19.607,0.513,8512.597,0,0.000,0,4,48,0
580,8107687420.767,8107687442.221,8107692600.978,1589.499,5180.211,3590.712,21.454,3569.258,4819.789,0,0.000,1,4,48,0
581,8107702274.730,8107702294.638,8107703853.038,1557.917,1578.308,20.391,19.908,0.483,8421.692,0,0.000,0,4,48,0
582,8107713630.387,8107713650.660,8107715169.473,1518.339,1539.086,20.747,20.273,0.474,8460.914,0,0.000,0,4,48,0
583,8107727884.413,8107727903.357,8107729412.899,1509.059,1528.486,19.427,18.944,0.483,8471.514,0,0.000,0,4,48,0
584,8107741391.243,8107741414.522,8107743042.228,1627.033,1650.985,23.952,23.279,0.673,8349.015,0,0.000,0,4,48,0
585,8107754181.357,8107754204.524,8107755731.681,1526.737,1550.324,23.587,23.167,0.420,8449.676,0,0.000,0,4,48,0
586,8107760311.753,8107760327.429,8107765074.830,1559.703,4763.077,3203.374,15.676,3187.698,5236.923,0,0.000,1,4,48,0
587,8107775233.703,8107775255.480,8107776802.379,1546.450,1568.676,22.226,21.777,0.449,8431.324,0,0.000,0,4,48,0
588,8107785121.076,8107785135.309,8107786759.351,1623.548,1638.275,14.727,14.233,0.494,8361.725,0,0.000,0,4,48,0
589,8107793606.450,8107793626.651,8107795217.066,1589.999,1610.616,20.617,20.201,0.416,8389.384,0,0.000,0,4,48,0
590,8107805092.982,8107805113.072,8107806686.831,1573.197,1593.849,20.652,20.090,0.562,8406.151,0,0.000,0,4,48,0
591,8107813958.446,8107813972.660,8107815472.732,1499.646,1514.286,14.640,14.214,0.426,8485.714,0,0.000,0,4,48,0
592,8107822776.882,8107822790.742,8107824298.155,1506.975,1521.273,14.298,13.860,0.438,8478.727,0,0.000,0,4,48,0
593,8107831804.134,8107831825.333,8107833398.541,1572.813,1594.407,21.594,21.199,0.395,8405.593,0,0.000,0,4,48,0
594,8107843605.027,8107843625.689,8107845264.087,1637.998,1659.060,21.062,20.662,0.400,8340.940,0,0.000,0,4,48,0
595,8107850934.051,8107850948.058,8107854153.979,1596.041,3219.928,1623.887,14.007,1609.880,6780.072,0,0.000,1,4,48,0
596,8107859267.564,8107859287.686,8107864390.582,1492.916,5123.018,3630.102,20.122,3609.980,4876.982,0,0.000,1,4,48,0
597,8107865170.734,8107865191.246,8107873636.564,1475.386,8465.830,6990.444,20.512,6969.932,1534.170,0,0.000,1,4,48,0
598,8107874100.989,8107874115.053,8107875640.093,1524.529,1539.104,14.575,14.064,0.511,8460.896,0,0.000,0,4,48,0
599,8107886408.800,8107886428.584,8107888089.252,1660.177,1680.452,20.275,19.784,0.491,8319.548,0,0.000,0,4,48,0
600,8107898082.426,8107898096.734,8107899588.888,1491.679,1506.462,14.783,14.308,0.475,8493.538,0,0.000,0,4,48,0
601,8107910522.643,8107910543.539,8107912115.762,1571.814,1593.119,21.305,20.896,0.409,8406.881,0,0.000,0,4,48,0
602,8107922330.317,8107922349.445,8107923887.748,1537.897,1557.431,19.534,19.128,0.406,8442.569,0,0.000,0,4,48,0
603,8107933613.325,8107933632.153,8107935093.130,1460.563,1479.805,19.242,18.828,0.414,8520.195,0,0.000,0,4,48,0
604,8107944457.587,8107944476.816,8107945977.181,1499.958,1519.594,19.636,19.229,0.407,8480.406,0,0.000,0,4,48,0
605,8107957451.913,8107957476.464,8107959063.830,1586.708,1611.917,25.209,24.551,0.658,8388.083,0,0.000,0,4,48,0
606,8107969319.790,8107969341.103,8107970915.747,1574.135,1595.957,21.822,21.313,0.509,8404.043,0,0.000,0,4,48,0
607,8107974511.045,8107974531.352,8107980433.144,1569.334,5922.099,4352.765,20.307,4332.458,4077.901,0,0.000,1,4,48,0
608,8107989585.075,8107989604.426,8107991193.055,1588.138,1607.980,19.842,19.351,0.491,8392.020,0,0.000,0,4,48,0
609,8108000244.211,8108000263.243,8108001757.837,1494.110,1513.626,19.516,19.032,0.484,8486.374,0,0.000,0,4,48,0
610,8108012255.896,8108012274.797,8108013819.754,1544.550,1563.858,19.308,18.901,0.407,8436.142,0,0.000,0,4,48,0
611,8108024031.421,8108024051.132,8108025612.012,1560.376,1580.591,20.215,19.711,0.504,8419.409,0,0.000,0,4,48,0
612,8108037384.461,8108037414.068,8108038985.834,1570.809,1601.373,30.564,29.607,0.957,8398.627,0,0.000,0,4,48,0
613,8108042814.536,8108042834.652,8108047751.549,1527.796,4937.013,3409.217,20.116,3389.101,5062.987,0,0.000,1,4,48,0
614,8108047929.247,8108047950.284,8108057953.574,1599.827,10024.327,8424.500,21.037,8403.463,-24.327,1,24.327,1,4,48,0
615,8108059891.430,8108059910.897,8108067402.572,1542.306,7511.142,5968.836,19.467,5949.369,2488.858,0,0.000,1,4,48,0
616,8108066532.192,8108067407.308,8108068943.779,1536.074,2411.587,875.513,875.116,0.397,7588.413,0,0.000,0,4,48,0
617,8108077381.061,8108077400.954,8108078983.000,1581.625,1601.939,20.314,19.893,0.421,8398.061,0,0.000,0,4,48,0
618,8108084018.983,8108084033.651,8108087953.728,1536.026,3934.745,2398.719,14.668,2384.051,6065.255,0,0.000,1,4,48,0
619,8108097614.946,8108097634.507,8108099198.151,1563.219,1583.205,19.986,19.561,0.425,8416.795,0,0.000,0,4,48,0
620,8108109626.837,8108109648.239,8108111242.458,1593.782,1615.621,21.839,21.402,0.437,8384.379,0,0.000,0,4,48,0
621,8108123051.235,8108123071.070,8108124525.136,1453.655,1473.901,20.246,19.835,0.411,8526.099,0,0.000,0,4,48,0
622,8108129521.503,8108129541.067,8108133104.497,1507.337,3582.994,2075.657,19.564,2056.093,6417.006,0,0.000,1,4,48,0
623,8108139957.609,8108139974.496,8108141449.440,1474.517,1491.831,17.314,16.887,0.427,8508.169,0,0.000,0,4,48,0
624,8108153771.073,8108153792.888,8108155292.476,1499.104,1521.403,22.299,21.815,0.484,8478.597,0,0.000,0,4,48,0
625,8108159131.470,8108159153.373,8108164499.407,1567.414,5367.937,3800.523,21.903,3778.620,4632.063,0,0.000,1,4,48,0
626,8108164569.907,8108164582.655,8108173885.419,1514.411,9315.512,7801.101,12.748,7788.353,684.488,0,0.000,1,4,48,0
627,8108172545.803,8108173889.898,8108183787.097,1595.920,11241.294,9645.374,1344.095,8301.279,-1241.294,1,1241.294,1,4,48,0
628,8108184695.403,8108184715.028,8108186195.187,1479.651,1499.784,20.133,19.625,0.508,8500.216,0,0.000,0,4,48,0
629,8108198805.706,8108198825.055,8108200395.321,1569.870,1589.615,19.745,19.349,0.396,8410.385,0,0.000,0,4,48,0
630,8108205375.869,8108205395.248,8108209708.975,1504.316,4333.106,2828.790,19.379,2809.411,5666.894,0,0.000,1,4,48,0
631,8108217810.984,8108217830.407,8108219461.509,1630.625,1650.525,19.900,19.423,0.477,8349.475,0,0.000,0,4,48,0
632,8108230314.056,8108230333.900,8108231868.584,1534.276,1554.528,20.252,19.844,0.408,8445.472,0,0.000,0,4,48,0
633,8108236088.893,8108236104.575,8108240990.630,1568.996,4901.737,3332.741,15.682,3317.059,5098.263,0,0.000,1,4,48,0
634,8108246279.492,8108246292.904,8108247737.078,1443.756,1457.586,13.830,13.412,0.418,8542.414,0,0.000,0,4,48,0
635,8108258237.778,8108258257.010,8108259731.131,1473.635,1493.353,19.718,19.232,0.486,8506.647,0,0.000,0,4,48,0
636,8108267746.769,8108267760.629,8108269309.671,1548.652,1562.902,14.250,13.860,0.390,8437.098,0,0.000,0,4,48,0
637,8108278471.450,8108278490.929,8108280009.512,1518.130,1538.062,19.932,19.479,0.453,8461.938,0,0.000,0,4,48,0
638,8108292736.308,8108292755.378,8108294256.225,1500.447,1519.917,19.470,19.070,0.400,8480.083,0,0.000,0,4,48,0
639,8108298436.101,8108298451.012,8108303712.704,1519.233,5276.603,3757.370,14.911,3742.459,4723.397,0,0.000,1,4,48,0
640,8108312713.902,8108312733.100,8108314275.990,1542.485,1562.088,19.603,19.198,0.405,8437.912,0,0.000,0,4,48,0
641,8108326896.009,8108326915.353,8108328414.361,1498.580,1518.352,19.772,19.344,0.428,8481.648,0,0.000,0,4,48,0
642,8108339194.723,8108339213.957,8108340750.003,1535.606,1555.280,19.674,19.234,0.440,8444.720,0,0.000,0,4,48,0
643,8108350673.411,8108350692.620,8108352146.146,1453.133,1472.735,19.602,19.209,0.393,8527.265,0,0.000,0,4,48,0
644,8108361926.616,8108361947.427,8108363504.961,1557.046,1578.345,21.299,20.811,0.488,8421.655,0,0.000,0,4,48,0
645,8108374777.524,8108374797.520,8108376399.367,1601.449,1621.843,20.394,19.996,0.398,8378.157,0,0.000,0,4,48,0
646,8108381180.787,8108381194.678,8108385513.998,1537.647,4333.211,2795.564,13.891,2781.673,5666.789,0,0.000,1,4,48,0
647,8108389119.669,8108389133.171,8108395443.829,1522.701,6324.160,4801.459,13.502,4787.957,3675.840,0,0.000,1,4,48,0
648,8108397387.167,8108397406.537,8108404800.072,1483.419,7412.905,5929.486,19.370,5910.116,2587.095,0,0.000,1,4,48,0
649,8108408845.893,8108408865.362,8108410362.640,1496.879,1516.747,19.868,19.469,0.399,8483.253,0,0.000,0,4,48,0
650,8108417075.476,8108417090.551,8108418599.635,1508.666,1524.159,15.493,15.075,0.418,8475.841,0,0.000,0,4,48,0
651,8108428578.926,8108428600.406,8108430124.247,1523.322,1545.321,21.999,21.480,0.519,8454.679,0,0.000,0,4,48,0
652,8108441991.915,8108442026.306,8108443538.109,1511.381,1546.194,34.813,34.391,0.422,8453.806,0,0.000,0,4,48,0
653,8108451856.259,8108451870.391,8108453371.493,1500.622,1515.234,14.612,14.132,0.480,8484.766,0,0.000,0,4,48,0
654,8108462707.122,8108462726.054,8108464288.842,1562.399,1581.720,19.321,18.932,0.389,8418.280,0,0.000,0,4,48,0
655,8108473745.643,8108473764.371,8108475389.316,1624.546,1643.673,19.127,18.728,0.399,8356.327,0,0.000,0,4,48,0
656,8108478648.743,8108478662.664,8108484055.315,1640.878,5406.572,3765.694,13.921,3751.773,4593.428,0,0.000,1,4,48,0
657,8108485794.458,8108485808.633,8108494143.965,1573.276,8349.507,6776.231,14.175,6762.056,1650.493,0,0.000,1,4,48,0
658,8108492504.633,8108494148.534,8108503763.243,1507.707,11258.610,9750.903,1643.901,8107.002,-1258.610,1,1258.610,1,4,48,0
659,8108501040.088,8108503780.984,8108505275.313,1493.802,4235.225,2741.423,2740.896,0.527,5764.775,0,0.000,0,4,48,0
660,8108516019.554,8108516040.058,8108517635.469,1594.976,1615.915,20.939,20.504,0.435,8384.085,0,0.000,0,4,48,0
661,8108524180.097,8108524194.373,8108525718.142,1523.349,1538.045,14.696,14.276,0.420,8461.955,0,0.000,0,4,48,0
662,8108533377.275,8108533393.842,8108534925.041,1530.482,1547.766,17.284,16.567,0.717,8452.234,0,0.000,0,4,48,0
663,8108546226.284,8108546247.260,8108547837.961,1590.199,1611.677,21.478,20.976,0.502,8388.323,0,0.000,0,4,48,0
664,8108560549.552,8108560570.843,8108562077.799,1506.561,1528.247,21.686,21.291,0.395,8471.753,0,0.000,0,4,48,0
665,8108569574.158,8108569588.482,8108571107.899,1518.817,1533.741,14.924,14.324,0.600,8466.259,0,0.000,0,4,48,0
666,8108575977.689,8108575992.770,8108580121.593,1552.708,4143.904,2591.196,15.081,2576.115,5856.096,0,0.000,1,4,48,0
667,8108582330.224,8108582350.324,8108589601.408,1503.515,7271.184,5767.669,20.100,5747.569,2728.816,0,0.000,1,4,48,0
668,8108591826.309,8108591847.615,8108599593.826,1571.935,7767.517,6195.582,21.306,6174.276,2232.483,0,0.000,1,4,48,0
669,8108604787.405,8108604807.786,8108606344.244,1536.025,1556.839,20.814,20.381,0.433,8443.161,0,0.000,0,4,48,0
670,8108613175.278,8108613189.360,8108614661.924,1472.126,1486.646,14.520,14.082,0.438,8513.354,0,0.000,0,4,48,0
671,8108627641.870,8108627663.714,8108629230.250,1566.113,1588.380,22.267,21.844,0.423,8411.620,0,0.000,0,4,48,0
672,8108641956.610,8108641976.244,8108643513.561,1536.793,1556.951,20.158,19.634,0.524,8443.049,0,0.000,0,4,48,0
673,8108648860.046,8108648874.477,8108652381.875,1546.544,3521.829,1975.285,14.431,1960.854,6478.171,0,0.000,1,4,48,0
674,8108658885.432,8108658899.859,8108660465.993,1565.728,1580.561,14.833,14.427,0.406,8419.439,0,0.000,0,4,48,0
675,8108665087.911,8108665107.015,8108669580.582,1586.589,4492.671,2906.082,19.104,2886.978,5507.329,0,0.000,1,4,48,0
676,8108678062.045,8108678090.117,8108679551.999,1461.477,1489.954,28.477,28.072,0.405,8510.046,0,0.000,0,4,48,0
677,8108689622.873,8108689643.810,8108691210.517,1566.223,1587.644,21.421,20.937,0.484,8412.356,0,0.000,0,4,48,0
678,8108696642.027,8108696661.593,8108699907.215,1619.469,3265.188,1645.719,19.566,1626.153,6734.812,0,0.000,1,4,48,0
679,8108709057.820,8108709077.304,8108710629.682,1551.900,1571.862,19.962,19.484,0.478,8428.138,0,0.000,0,4,48,0
680,8108720771.946,8108720791.221,8108722262.566,1470.939,1490.620,19.681,19.275,0.406,8509.380,0,0.000,0,4,48,0
681,8108731718.785,8108731738.027,8108733275.352,1536.922,1556.567,19.645,19.242,0.403,8443.433,0,0.000,0,4,48,0
682,8108738276.072,8108738293.511,8108742552.650,1522.821,4276.578,2753.757,17.439,2736.318,5723.422,0,0.000,1,4,48,0
683,8108750263.957,8108750289.382,8108751832.371,1542.279,1568.414,26.135,25.425,0.710,8431.586,0,0.000,0,4,48,0
684,8108763698.525,8108763718.828,8108765191.459,1472.122,1492.934,20.812,20.303,0.509,8507.066,0,0.000,0,4,48,0
685,8108773021.894,8108773036.430,8108774567.360,1530.462,1545.466,15.004,14.536,0.468,8454.534,0,0.000,0,4,48,0
686,8108787086.962,8108787106.952,8108788689.442,1581.962,1602.480,20.518,19.990,0.528,8397.520,0,0.000,0,4,48,0
687,8108796039.241,8108796054.596,8108797600.992,1545.965,1561.751,15.786,15.355,0.431,8438.249,0,0.000,0,4,48,0
688,8108810648.072,8108810670.634,8108812177.868,1506.759,1529.796,23.037,22.562,0.475,8470.204,0,0.000,0,4,48,0
689,8108820938.752,8108820958.786,8108822455.349,1496.128,1516.597,20.469,20.034,0.435,8483.403,0,0.000,0,4,48,0
690,8108830502.424,8108830521.492,8108832066.904,1544.988,1564.480,19.492,19.068,0.424,8435.520,0,0.000,0,4,48,0
691,8108838984.675,8108839007.903,8108840583.577,1575.181,1598.902,23.721,23.228,0.493,8401.098,0,0.000,0,4,48,0
692,8108852344.532,8108852363.967,8108853896.911,1532.524,1552.379,19.855,19.435,0.420,8447.621,0,0.000,0,4,48,0
693,8108857578.371,8108857592.806,8108862466.635,1524.235,4888.264,3364.029,14.435,3349.594,5111.736,0,0.000,1,4,48,0
694,8108866544.292,8108866558.430,8108872440.425,1530.834,5896.133,4365.299,14.138,4351.161,4103.867,0,0.000,1,4,48,0
695,8108878855.330,8108878875.662,8108880342.404,1466.231,1487.074,20.843,20.332,0.511,8512.926,0,0.000,0,4,48,0
696,8108891050.818,8108891069.755,8108892667.370,1597.165,1616.552,19.387,18.937,0.450,8383.448,0,0.000,0,4,48,0
697,8108904729.184,8108904745.469,8108906252.936,1506.961,1523.752,16.791,16.285,0.506,8476.248,0,0.000,0,4,48,0
698,8108914866.686,8108914883.645,8108916455.860,1571.637,1589.174,17.537,16.959,0.578,8410.826,0,0.000,0,4,48,0
699,8108928457.854,8108928472.486,8108929958.720,1485.743,1500.866,15.123,14.632,0.491,8499.134,0,0.000,0,4,48,0
700,8108934602.284,8108934625.686,8108938616.103,1529.904,4013.819,2483.915,23.402,2460.513,5986.181,0,0.000,1,4,48,0
701,8108942290.134,8108942308.642,8108948473.902,1506.550,6183.768,4677.218,18.508,4658.710,3816.232,0,0.000,1,4,48,0
702,8108957324.910,8108957345.053,8108958843.772,1498.243,1518.862,20.619,20.143,0.476,8481.138,0,0.000,0,4,48,0
703,8108964215.404,8108964229.772,8108968189.476,1630.846,3974.072,2343.226,14.368,2328.858,6025.928,0,0.000,1,4,48,0
704,8108975785.684,8108975805.081,8108977380.019,1574.509,1594.335,19.826,19.397,0.429,8405.665,0,0.000,0,4,48,0
705,8108986466.111,8108986485.289,8108987986.054,1500.329,1519.943,19.614,19.178,0.436,8480.057,0,0.000,0,4,48,0
706,8108995589.445,8108995604.188,8108997136.794,1532.187,1547.349,15.162,14.743,0.419,8452.651,0,0.000,0,4,48,0
707,8109000739.846,8109000753.577,8109005904.728,1559.556,5164.882,3605.326,13.731,3591.595,4835.118,0,0.000,1,4,48,0
708,8109012413.766,8109012432.564,8109013920.934,1487.937,1507.168,19.231,18.798,0.433,8492.832,0,0.000,0,4,48,0
709,8109022419.775,8109022441.590,8109023943.893,1501.326,1524.118,22.792,21.815,0.977,8475.882,0,0.000,0,4,48,0
710,8109031857.163,8109031878.821,8109033539.309,1659.767,1682.146,22.379,21.658,0.721,8317.854,0,0.000,0,4,48,0
711,8109045406.488,8109045433.836,8109047101.388,1666.635,1694.900,28.265,27.348,0.917,8305.100,0,0.000,0,4,48,0
712,8109053165.254,8109053180.323,8109056116.207,1523.895,2950.953,1427.058,15.069,1411.989,7049.047,0,0.000,1,4,48,0
713,8109065190.347,8109065209.701,8109066802.983,1592.825,1612.636,19.811,19.354,0.457,8387.364,0,0.000,0,4,48,0
714,8109074743.551,8109074763.396,8109076207.156,1443.267,1463.605,20.338,19.845,0.493,8536.395,0,0.000,0,4,48,0
715,8109081931.751,8109081946.717,8109085272.130,1579.388,3340.379,1760.991,14.966,1746.025,6659.621,0,0.000,1,4,48,0
716,8109090660.170,8109090679.468,8109092195.674,1515.720,1535.504,19.784,19.298,0.486,8464.496,0,0.000,0,4,48,0
717,8109098428.078,8109098441.981,8109099965.142,1522.658,1537.064,14.406,13.903,0.503,8462.936,0,0.000,0,4,48,0
718,8109112898.200,8109112918.242,8109114511.793,1593.075,1613.593,20.518,20.042,0.476,8386.407,0,0.000,0,4,48,0
719,8109123946.391,8109123966.985,8109125473.181,1505.797,1526.790,20.993,20.594,0.399,8473.210,0,0.000,0,4,48,0
720,8109137575.642,8109137594.925,8109139106.310,1510.984,1530.668,19.684,19.283,0.401,8469.332,0,0.000,0,4,48,0
721,8109150928.101,8109150947.525,8109152480.874,1532.929,1552.773,19.844,19.424,0.420,8447.227,0,0.000,0,4,48,0
722,8109162683.515,8109162702.989,8109164226.372,1522.981,1542.857,19.876,19.474,0.402,8457.143,0,0.000,0,4,48,0
723,8109171326.632,8109171340.206,8109172839.346,1498.727,1512.714,13.987,13.574,0.413,8487.286,0,0.000,0,4,48,0
724,8109182611.141,8109182632.480,8109184146.646,1513.761,1535.505,21.744,21.339,0.405,8464.495,0,0.000,0,4,48,0
725,8109196567.406,8109196586.666,8109198178.785,1591.699,1611.379,19.680,19.260,0.420,8388.621,0,0.000,0,4,48,0
726,8109206195.721,8109206209.490,8109207766.246,1556.334,1570.525,14.191,13.769,0.422,8429.475,0,0.000,0,4,48,0
727,8109219555.672,8109219574.840,8109221185.789,1610.534,1630.117,19.583,19.168,0.415,8369.883,0,0.000,0,4,48,0
728,8109226460.827,8109226475.822,8109230508.339,1472.663,4047.512,2574.849,14.995,2559.854,5952.488,0,0.000,1,4,48,0
729,8109234248.348,8109234261.901,8109239572.253,1464.480,5323.905,3859.425,13.553,3845.872,4676.095,0,0.000,1,4,48,0
730,8109239672.459,8109239688.631,8109249574.394,1596.089,9901.935,8305.846,16.172,8289.674,98.065,0,0.000,1,4,48,0
731,8109246581.481,8109249589.156,8109251122.218,1532.667,4540.737,3008.070,3007.675,0.395,5459.263,0,0.000,0,4,48,0
732,8109252193.054,8109252207.374,8109260338.410,1568.985,8145.356,6576.371,14.320,6562.051,1854.644,0,0.000,1,4,48,0
733,8109263945.990,8109263965.834,8109270143.209,1607.316,6197.219,4589.903,19.844,4570.059,3802.781,0,0.000,1,4,48,0
734,8109276950.780,8109276973.049,8109278501.884,1528.317,1551.104,22.787,22.269,0.518,8448.896,0,0.000,0,4,48,0
735,8109288019.557,8109288039.220,8109289541.308,1501.687,1521.751,20.064,19.663,0.401,8478.249,0,0.000,0,4,48,0
736,8109293887.994,8109293902.530,8109298438.586,1512.415,4550.592,3038.177,14.536,3023.641,5449.408,0,0.000,1,4,48,0
737,8109305335.202,8109305354.507,8109306758.738,1403.730,1423.536,19.806,19.305,0.501,8576.464,0,0.000,0,4,48,0
738,8109313213.340,8109313228.571,8109314762.874,1533.889,1549.534,15.645,15.231,0.414,8450.466,0,0.000,0,4,48,0
739,8109323434.694,8109323456.393,8109324979.100,1522.247,1544.406,22.159,21.699,0.460,8455.594,0,0.000,0,4,48,0
740,8109337816.912,8109337836.802,8109339356.867,1519.667,1539.955,20.288,19.890,0.398,8460.045,0,0.000,0,4,48,0
741,8109347012.565,8109347033.807,8109348601.079,1566.885,1588.514,21.629,21.242,0.387,8411.486,0,0.000,0,4,48,0
742,8109352262.241,8109352276.625,8109357944.688,1637.209,5682.447,4045.238,14.384,4030.854,4317.553,0,0.000,1,4,48,0
743,8109361155.538,8109361169.079,8109367706.903,1515.048,6551.365,5036.317,13.541,5022.776,3448.635,0,0.000,1,4,48,0
744,8109373891.120,8109373915.017,8109375504.336,1588.680,1613.216,24.536,23.897,0.639,8386.784,0,0.000,0,4,48,0
745,8109379952.672,8109379967.806,8109384383.805,1520.832,4431.133,2910.301,15.134,2895.167,5568.867,0,0.000,1,4,48,0
746,8109394238.100,8109394257.543,8109395780.440,1522.463,1542.340,19.877,19.443,0.434,8457.660,0,0.000,0,4,48,0
747,8109408020.801,8109408040.403,8109409527.167,1486.347,1506.366,20.019,19.602,0.417,8493.634,0,0.000,0,4,48,0
748,8109419796.554,8109419816.151,8109421332.433,1515.887,1535.879,19.992,19.597,0.395,8464.121,0,0.000,0,4,48,0
749,8109426601.891,8109426623.450,8109429966.289,1542.177,3364.398,1822.221,21.559,1800.662,6635.602,0,0.000,1,4,48,0
750,8109431783.549,8109431804.080,8109440160.700,1541.141,8377.151,6836.010,20.531,6815.479,1622.849,0,0.000,1,4,48,0
751,8109437498.218,8109440165.001,8109449817.031,1458.640,12318.813,10860.173,2666.783,8193.390,-2318.813,1,2318.813,1,4,48,0
752,8109446057.954,8109449822.013,8109451348.980,1526.559,5291.026,3764.467,3764.059,0.408,4708.974,0,0.000,0,4,48,0
753,8109452265.210,8109452281.467,8109460630.762,1531.448,8365.552,6834.104,16.257,6817.847,1634.448,0,0.000,1,4,48,0
754,8109458058.465,8109460634.946,8109469919.190,1470.690,11860.725,10390.035,2576.481,7813.554,-1860.725,1,1860.725,1,4,48,0
755,8109463599.075,8109469923.672,8109479816.022,1423.865,16216.947,14793.082,6324.597,8468.485,-6216.947,1,6216.947,1,4,48,0
756,8109478709.390,8109479821.208,8109481369.262,1547.572,2659.872,1112.300,1111.818,0.482,7340.128,0,0.000,0,4,48,0
757,8109490195.488,8109490215.362,8109491739.449,1523.652,1543.961,20.309,19.874,0.435,8456.039,0,0.000,0,4,48,0
758,8109503077.565,8109503118.720,8109504782.209,1661.739,1704.644,42.905,41.155,1.750,8295.356,0,0.000,0,4,48,0
759,8109514197.551,8109514235.548,8109515749.214,1512.484,1551.663,39.179,37.997,1.182,8448.337,0,0.000,0,4,48,0
760,8109522178.922,8109522212.263,8109523713.241,1499.672,1534.319,34.647,33.341,1.306,8465.681,0,0.000,0,4,48,0
761,8109533704.451,8109533742.782,8109535266.061,1521.977,1561.610,39.633,38.331,1.302,8438.390,0,0.000,0,4,48,0
762,8109543836.644,8109543872.519,8109545417.160,1543.183,1580.516,37.333,35.875,1.458,8419.484,0,0.000,0,4,48,0
763,8109551901.724,8109551940.448,8109553468.696,1526.846,1566.972,40.126,38.724,1.402,8433.028,0,0.000,0,4,48,0
764,8109564352.558,8109564390.085,8109565938.727,1546.894,1586.169,39.275,37.527,1.748,8413.831,0,0.000,0,4,48,0
765,8109575913.395,8109575946.857,8109577553.056,1605.285,1639.661,34.376,33.462,0.914,8360.339,0,0.000,0,4,48,0
766,8109581080.951,8109581097.624,8109586592.092,1560.959,5511.141,3950.182,16.673,3933.509,4488.859,0,0.000,1,4,48,0
767,8109591710.731,8109591725.330,8109596112.074,1469.828,4401.343,2931.515,14.599,2916.916,5598.657,0,0.000,1,4,48,0
768,8109602078.636,8109602098.399,8109603637.168,1538.313,1558.532,20.219,19.763,0.456,8441.468,0,0.000,0,4,48,0
769,8109616422.562,8109616444.142,8109617881.073,1436.422,1458.511,22.089,21.580,0.509,8541.489,0,0.000,0,4,48,0
770,8109622443.486,8109622457.667,8109627382.045,1494.817,4938.559,3443.742,14.181,3429.561,5061.441,0,0.000,1,4,48,0
771,8109629168.651,8109629184.609,8109636452.097,1561.892,7283.446,5721.554,15.958,5705.596,2716.554,0,0.000,1,4,48,0
772,8109636556.144,8109636569.418,8109646526.037,1527.016,9969.893,8442.877,13.274,8429.603,30.107,0,0.000,1,4,48,0
773,8109650377.333,8109650396.387,8109651897.135,1500.292,1519.802,19.510,19.054,0.456,8480.198,0,0.000,0,4,48,0
774,8109665092.151,8109665111.442,8109666593.261,1481.297,1501.110,19.813,19.291,0.522,8498.890,0,0.000,0,4,48,0
775,8109670756.880,8109670774.775,8109675338.764,1467.453,4581.884,3114.431,17.895,3096.536,5418.116,0,0.000,1,4,48,0
776,8109681558.039,8109681577.268,8109683082.729,1505.060,1524.690,19.630,19.229,0.401,8475.310,0,0.000,0,4,48,0
777,8109690360.753,8109690375.687,8109691974.190,1598.105,1613.437,15.332,14.934,0.398,8386.563,0,0.000,0,4,48,0
778,8109699359.053,8109699372.270,8109700816.612,1443.935,1457.559,13.624,13.217,0.407,8542.441,0,0.000,0,4,48,0
779,8109713261.172,8109713280.739,8109714730.851,1449.702,1469.679,19.977,19.567,0.410,8530.321,0,0.000,0,4,48,0
780,8109725108.085,8109725127.300,8109726670.474,1542.752,1562.389,19.637,19.215,0.422,8437.611,0,0.000,0,4,48,0
781,8109735409.095,8109735430.634,8109736980.707,1549.609,1571.612,22.003,21.539,0.464,8428.388,0,0.000,0,4,48,0
782,8109750400.948,8109750421.338,8109751884.061,1462.310,1483.113,20.803,20.390,0.413,8516.887,0,0.000,0,4,48,0
783,8109765207.027,8109765226.166,8109766711.022,1484.441,1503.995,19.554,19.139,0.415,8496.005,0,0.000,0,4,48,0
784,8109776266.334,8109776286.347,8109777810.008,1523.143,1543.674,20.531,20.013,0.518,8456.326,0,0.000,0,4,48,0
785,8109782273.964,8109782289.131,8109787082.930,1523.559,4808.966,3285.407,15.167,3270.240,5191.034,0,0.000,1,4,48,0
786,8109790306.560,8109790327.331,8109796283.152,1522.536,5976.592,4454.056,20.771,4433.285,4023.408,0,0.000,1,4,48,0
787,8109800008.389,8109800030.615,8109801537.487,1506.457,1529.098,22.641,22.226,0.415,8470.902,0,0.000,0,4,48,0
788,8109809774.213,8109809795.608,8109811297.874,1501.872,1523.661,21.789,21.395,0.394,8476.339,0,0.000,0,4,48,0
789,8109820555.254,8109820575.204,8109822091.044,1515.445,1535.790,20.345,19.950,0.395,8464.210,0,0.000,0,4,48,0
790,8109829141.183,8109829161.813,8109830747.939,1585.731,1606.756,21.025,20.630,0.395,8393.244,0,0.000,0,4,48,0
791,8109835610.014,8109835631.367,8109840304.412,1523.846,4694.398,3170.552,21.353,3149.199,5305.602,0,0.000,1,4,48,0
792,8109840826.855,8109840849.028,8109849548.063,1526.398,8721.208,7194.810,22.173,7172.637,1278.792,0,0.000,1,4,48,0
793,8109848638.995,8109849558.739,8109859303.200,1581.383,10664.205,9082.822,919.744,8163.078,-664.205,1,664.205,1,4,48,0
794,8109855102.869,8109859314.041,8109860863.929,1548.974,5761.060,4212.086,4211.172,0.914,4238.940,0,0.000,0,4,48,0
795,8109860590.772,8109860869.216,8109869531.555,1504.060,8940.783,7436.723,278.444,7158.279,1059.217,0,0.000,1,4,48,0
796,8109868128.366,8109869536.152,8109879281.380,1596.144,11153.014,9556.870,1407.786,8149.084,-1153.014,1,1153.014,1,4,48,0
797,8109881942.219,8109881963.630,8109889682.106,1574.054,7739.887,6165.833,21.411,6144.422,2260.113,0,0.000,1,4,48,0
798,8109888454.056,8109889686.528,8109899156.006,1463.122,10701.950,9238.828,1232.472,8006.356,-701.950,1,701.950,1,4,48,0
799,8109897609.299,8109899160.941,8109900667.615,1506.276,3058.316,1552.040,1551.642,0.398,6941.684,0,0.000,0,4,48,0
800,8109912221.343,8109912241.320,8109913731.342,1489.580,1509.999,20.419,19.977,0.442,8490.001,0,0.000,0,4,48,0
801,8109920036.862,8109920051.876,8109921632.104,1579.808,1595.242,15.434,15.014,0.420,8404.758,0,0.000,0,4,48,0
802,8109932219.476,8109932238.344,8109933769.799,1531.054,1550.323,19.269,18.868,0.401,8449.677,0,0.000,0,4,48,0
803,8109940508.591,8109940529.527,8109942121.705,1591.766,1613.114,21.348,20.936,0.412,8386.886,0,0.000,0,4,48,0
804,8109952299.666,8109952318.680,8109953830.716,1511.628,1531.050,19.422,19.014,0.408,8468.950,0,0.000,0,4,48,0
805,8109960502.431,8109960522.462,8109962048.932,1525.990,1546.501,20.511,20.031,0.480,8453.499,0,0.000,0,4,48,0
806,8109975411.411,8109975430.601,8109976982.153,1551.021,1570.742,19.721,19.190,0.531,8429.258,0,0.000,0,4,48,0
807,8109987944.763,8109987964.054,8109989629.601,1664.982,1684.838,19.856,19.291,0.565,8315.162,0,0.000,0,4,48,0
808,8110001471.624,8110001492.571,8110003025.441,1532.280,1553.817,21.537,20.947,0.590,8446.183,0,0.000,0,4,48,0
809,8110010430.186,8110010449.236,8110011979.215,1529.493,1549.029,19.536,19.050,0.486,8450.971,0,0.000,0,4,48,0
810,8110015927.761,8110015942.783,8110020947.241,1570.779,5019.480,3448.701,15.022,3433.679,4980.520,0,0.000,1,4,48,0
811,8110027901.100,8110027920.651,8110029432.560,1511.466,1531.460,19.994,19.551,0.443,8468.540,0,0.000,0,4,48,0
812,8110039882.147,8110039910.251,8110041545.922,1634.706,1663.775,29.069,28.104,0.965,8336.225,0,0.000,0,4,48,0
813,8110052547.981,8110052569.406,8110054061.436,1491.300,1513.455,22.155,21.425,0.730,8486.545,0,0.000,0,4,48,0
814,8110063862.887,8110063902.115,8110065423.192,1519.645,1560.305,40.660,39.228,1.432,8439.695,0,0.000,0,4,48,0
815,8110070769.907,8110070805.483,8110074179.775,1506.464,3409.868,1903.404,35.576,1867.828,6590.132,0,0.000,1,4,48,0
816,8110079782.200,8110079798.102,8110081455.103,1656.413,1672.903,16.490,15.902,0.588,8327.097,0,0.000,0,4,48,0
817,8110090282.349,8110090301.920,8110091776.109,1473.695,1493.760,20.065,19.571,0.494,8506.240,0,0.000,0,4,48,0
818,8110102190.692,8110102210.318,8110103756.982,1546.233,1566.290,20.057,19.626,0.431,8433.710,0,0.000,0,4,48,0
819,8110109268.419,8110109289.177,8110112969.911,1486.136,3701.492,2215.356,20.758,2194.598,6298.508,0,0.000,1,4,48,0
820,8110120888.900,8110120908.203,8110122422.176,1513.565,1533.276,19.711,19.303,0.408,8466.724,0,0.000,0,4,48,0
821,8110130777.939,8110130792.803,8110132416.782,1623.547,1638.843,15.296,14.864,0.432,8361.157,0,0.000,0,4,48,0
822,8110138071.141,8110138090.331,8110141355.468,1485.669,3284.327,1798.658,19.190,1779.468,6715.673,0,0.000,1,4,48,0
823,8110151106.810,8110151126.282,8110152613.948,1487.253,1507.138,19.885,19.472,0.413,8492.862,0,0.000,0,4,48,0
824,8110164152.594,8110164172.174,8110165641.524,1468.898,1488.930,20.032,19.580,0.452,8511.070,0,0.000,0,4,48,0
825,8110173885.648,8110173899.233,8110175440.888,1541.265,1555.240,13.975,13.585,0.390,8444.760,0,0.000,0,4,48,0
826,8110179627.385,8110179648.684,8110184130.717,1592.533,4503.332,2910.799,21.299,2889.500,5496.668,0,0.000,1,4,48,0
827,8110193489.799,8110193510.639,8110195136.185,1625.128,1646.386,21.258,20.840,0.418,8353.614,0,0.000,0,4,48,0
828,8110206238.440,8110206258.154,8110207769.035,1510.446,1530.595,20.149,19.714,0.435,8469.405,0,0.000,0,4,48,0
829,8110220287.293,8110220306.761,8110221896.660,1589.410,1609.367,19.957,19.468,0.489,8390.633,0,0.000,0,4,48,0
830,8110226347.935,8110226362.451,8110231191.271,1537.750,4843.336,3305.586,14.516,3291.070,5156.664,0,0.000,1,4,48,0
831,8110231426.339,8110231443.292,8110240303.486,1503.107,8877.147,7374.040,16.953,7357.087,1122.853,0,0.000,1,4,48,0
832,8110241782.782,8110241802.841,8110250306.471,1540.372,8523.689,6983.317,20.059,6963.258,1476.311,0,0.000,1,4,48,0
833,8110251959.515,8110251978.019,8110253475.531,1497.129,1516.016,18.887,18.504,0.383,8483.984,0,0.000,0,4,48,0
834,8110266161.863,8110266182.121,8110267742.198,1559.564,1580.335,20.771,20.258,0.513,8419.665,0,0.000,0,4,48,0
835,8110278624.431,8110278643.394,8110280154.425,1510.619,1529.994,19.375,18.963,0.412,8470.006,0,0.000,0,4,48,0
836,8110284324.037,8110284339.946,8110289498.095,1515.330,5174.058,3658.728,15.909,3642.819,4825.942,0,0.000,1,4,48,0
837,8110294714.333,8110294734.918,8110296350.822,1615.468,1636.489,21.021,20.585,0.436,8363.511,0,0.000,0,4,48,0
838,8110307828.092,8110307846.950,8110309375.797,1528.446,1547.705,19.259,18.858,0.401,8452.295,0,0.000,0,4,48,0
839,8110318282.793,8110318301.718,8110319935.842,1633.717,1653.049,19.332,18.925,0.407,8346.951,0,0.000,0,4,48,0
840,8110332957.067,8110332977.684,8110334617.539,1639.420,1660.472,21.052,20.617,0.435,8339.528,0,0.000,0,4,48,0
841,8110346248.372,8110346267.597,8110347734.559,1466.561,1486.187,19.626,19.225,0.401,8513.813,0,0.000,0,4,48,0
842,8110355486.661,8110355506.195,8110356950.597,1443.995,1463.936,19.941,19.534,0.407,8536.064,0,0.000,0,4,48,0
843,8110369031.635,8110369050.726,8110370525.191,1474.024,1493.556,19.532,19.091,0.441,8506.444,0,0.000,0,4,48,0
844,8110379807.315,8110379827.805,8110381463.882,1635.660,1656.567,20.907,20.490,0.417,8343.433,0,0.000,0,4,48,0
845,8110387166.866,8110387186.648,8110390470.200,1473.396,3303.334,1829.938,19.782,1810.156,6696.666,0,0.000,1,4,48,0
846,8110398687.102,8110398708.529,8110400238.633,1529.688,1551.531,21.843,21.427,0.416,8448.469,0,0.000,0,4,48,0
847,8110406132.742,8110406147.242,8110409440.861,1601.732,3308.119,1706.387,14.500,1691.887,6691.881,0,0.000,1,4,48,0
848,8110418233.988,8110418253.335,8110419810.664,1556.924,1576.676,19.752,19.347,0.405,8423.324,0,0.000,0,4,48,0
849,8110432129.570,8110432148.658,8110433618.633,1469.573,1489.063,19.490,19.088,0.402,8510.937,0,0.000,0,4,48,0
850,8110444827.534,8110444847.095,8110446550.308,1702.780,1722.774,19.994,19.561,0.433,8277.226,0,0.000,0,4,48,0
851,8110450896.744,8110450911.080,8110455194.675,1449.091,4297.931,2848.840,14.336,2834.504,5702.069,0,0.000,1,4,48,0
852,8110457007.891,8110457021.761,8110465510.282,1647.874,8502.391,6854.517,13.870,6840.647,1497.609,0,0.000,1,4,48,0
853,8110466030.260,8110466056.802,8110474845.818,1543.229,8815.558,7272.329,26.542,7245.787,1184.442,0,0.000,1,4,48,0
854,8110480882.113,8110480901.626,8110482356.843,1454.814,1474.730,19.916,19.513,0.403,8525.270,0,0.000,0,4,48,0
855,8110486008.244,8110486033.791,8110491492.830,1562.950,5484.586,3921.636,25.547,3896.089,4515.414,0,0.000,1,4,48,0
856,8110499362.810,8110499381.766,8110500872.020,1489.742,1509.210,19.468,18.956,0.512,8490.790,0,0.000,0,4,48,0
857,8110510330.018,8110510349.358,8110511944.013,1594.019,1613.995,19.976,19.340,0.636,8386.005,0,0.000,0,4,48,0
858,8110525320.806,8110525336.010,8110526890.043,1553.587,1569.237,15.650,15.204,0.446,8430.763,0,0.000,0,4,48,0
859,8110532245.007,8110532266.161,8110536122.449,1533.922,3877.442,2343.520,21.154,2322.366,6122.558,0,0.000,1,4,48,0
860,8110540993.717,8110541010.376,8110542621.420,1610.537,1627.703,17.166,16.659,0.507,8372.297,0,0.000,0,4,48,0
861,8110553574.786,8110553591.883,8110555169.106,1576.760,1594.320,17.560,17.097,0.463,8405.680,0,0.000,0,4,48,0
862,8110562246.869,8110562260.617,8110563865.293,1604.193,1618.424,14.231,13.748,0.483,8381.576,0,0.000,0,4,48,0
863,8110576583.665,8110576603.312,8110578204.904,1601.177,1621.239,20.062,19.647,0.415,8378.761,0,0.000,0,4,48,0
864,8110585175.975,8110585199.165,8110586833.814,1633.609,1657.839,24.230,23.190,1.040,8342.161,0,0.000,0,4,48,0
865,8110592719.620,8110592734.390,8110595443.015,1527.995,2723.395,1195.400,14.770,1180.630,7276.605,0,0.000,1,4,48,0
866,8110597844.259,8110597858.472,8110605589.371,1550.629,7745.112,6194.483,14.213,6180.270,2254.888,0,0.000,1,4,48,0
867,8110610508.326,8110610528.148,8110612083.236,1554.620,1574.910,20.290,19.822,0.468,8425.090,0,0.000,0,4,48,0
868,8110620897.722,8110620911.508,8110622407.707,1495.771,1509.985,14.214,13.786,0.428,8490.015,0,0.000,0,4,48,0
869,8110634387.456,8110634406.510,8110635910.047,1503.130,1522.591,19.461,19.054,0.407,8477.409,0,0.000,0,4,48,0
870,8110644665.447,8110644680.952,8110646326.661,1645.274,1661.214,15.940,15.505,0.435,8338.786,0,0.000,0,4,48,0
871,8110659404.718,8110659424.018,8110660979.052,1554.613,1574.334,19.721,19.300,0.421,8425.666,0,0.000,0,4,48,0
872,8110672305.541,8110672324.565,8110673771.151,1446.188,1465.610,19.422,19.024,0.398,8534.390,0,0.000,0,4,48,0
873,8110678838.169,8110678856.521,8110682640.539,1473.647,3802.370,2328.723,18.352,2310.371,6197.630,0,0.000,1,4,48,0
874,8110687466.774,8110687481.021,8110689077.706,1596.284,1610.932,14.648,14.247,0.401,8389.068,0,0.000,0,4,48,0
875,8110693355.047,8110693369.370,8110698344.859,1498.067,4989.812,3491.745,14.323,3477.422,5010.188,0,0.000,1,4,48,0
876,8110698826.656,8110698839.402,8110707861.775,1552.114,9035.119,7483.005,12.746,7470.259,964.881,0,0.000,1,4,48,0
877,8110712795.554,8110712816.105,8110714367.503,1550.988,1571.949,20.961,20.551,0.410,8428.051,0,0.000,0,4,48,0
878,8110721129.217,8110721143.220,8110722657.238,1513.510,1528.021,14.511,14.003,0.508,8471.979,0,0.000,0,4,48,0
879,8110732977.220,8110732998.960,8110734557.061,1557.533,1579.841,22.308,21.740,0.568,8420.159,0,0.000,0,4,48,0
880,8110747419.204,8110747453.081,8110749038.326,1583.896,1619.122,35.226,33.877,1.349,8380.878,0,0.000,0,4,48,0
881,8110754596.554,8110754622.013,8110758597.078,1553.109,4000.524,2447.415,25.459,2421.956,5999.476,0,0.000,1,4,48,0
882,8110764181.334,8110764198.124,8110765732.684,1534.068,1551.350,17.282,16.790,0.492,8448.650,0,0.000,0,4,48,0
883,8110775185.454,8110775209.236,8110776770.152,1560.304,1584.698,24.394,23.782,0.612,8415.302,0,0.000,0,4,48,0
884,8110781777.711,8110781796.393,8110785471.011,1485.372,3693.300,2207.928,18.682,2189.246,6306.700,0,0.000,1,4,48,0
885,8110792275.795,8110792297.036,8110793892.387,1594.680,1616.592,21.912,21.241,0.671,8383.408,0,0.000,0,4,48,0
886,8110806857.563,8110806877.367,8110808387.609,1509.758,1530.046,20.288,19.804,0.484,8469.954,0,0.000,0,4,48,0
887,8110818479.624,8110818499.361,8110819996.651,1496.792,1517.027,20.235,19.737,0.498,8482.973,0,0.000,0,4,48,0
888,8110832477.665,8110832497.940,8110834040.839,1542.386,1563.174,20.788,20.275,0.513,8436.826,0,0.000,0,4,48,0
889,8110840462.563,8110840477.760,8110841983.172,1504.984,1520.609,15.625,15.197,0.428,8479.391,0,0.000,0,4,48,0
890,8110849891.079,8110849905.243,8110851430.294,1524.650,1539.215,14.565,14.164,0.401,8460.785,0,0.000,0,4,48,0
891,8110861549.397,8110861570.510,8110863166.528,1595.365,1617.131,21.766,21.113,0.653,8382.869,0,0.000,0,4,48,0
892,8110872423.596,8110872442.906,8110873955.959,1512.562,1532.363,19.801,19.310,0.491,8467.637,0,0.000,0,4,48,0
893,8110879760.614,8110879775.601,8110882781.105,1577.073,3020.491,1443.418,14.987,1428.431,6979.509,0,0.000,1,4,48,0
894,8110892053.049,8110892072.690,8110893604.003,1530.748,1550.954,20.206,19.641,0.565,8449.046,0,0.000,0,4,48,0
895,8110904015.082,8110904037.089,8110905601.422,1563.867,1586.340,22.473,22.007,0.466,8413.660,0,0.000,0,4,48,0
896,8110912412.210,8110912427.091,8110913908.561,1481.041,1496.351,15.310,14.881,0.429,8503.649,0,0.000,0,4,48,0
897,8110917581.344,8110917602.451,8110922580.279,1561.006,4998.935,3437.929,21.107,3416.822,5001.065,0,0.000,1,4,48,0
898,8110923481.155,8110923499.485,8110932505.459,1585.573,9024.304,7438.731,18.330,7420.401,975.696,0,0.000,1,4,48,0
899,8110935060.127,8110935078.923,8110942428.078,1455.103,7367.951,5912.848,18.796,5894.052,2632.049,0,0.000,1,4,48,0
900,8110948126.707,8110948145.512,8110949704.625,1558.702,1577.918,19.216,18.805,0.411,8422.082,0,0.000,0,4,48,0
901,8110961725.490,8110961744.449,8110963229.488,1484.629,1503.998,19.369,18.959,0.410,8496.002,0,0.000,0,4,48,0
902,8110972620.250,8110972641.245,8110974155.934,1514.280,1535.684,21.404,20.995,0.409,8464.316,0,0.000,0,4,48,0
903,8110984427.325,8110984446.975,8110986047.234,1599.801,1619.909,20.108,19.650,0.458,8380.091,0,0.000,0,4,48,0
904,8110989541.367,8110989561.775,8110995562.414,1555.594,6021.047,4465.453,20.408,4445.045,3978.953,0,0.000,1,4,48,0
905,8110998244.579,8110998261.071,8111004444.162,1504.961,6199.583,4694.622,16.492,4678.130,3800.417,0,0.000,1,4,48,0
906,8111005971.283,8111005993.117,8111014444.910,1545.242,8473.627,6928.385,21.834,6906.551,1526.373,0,0.000,1,4,48,0
907,8111013533.305,8111014450.475,8111016079.395,1628.469,2546.090,917.621,917.170,0.451,7453.910,0,0.000,0,4,48,0
908,8111018619.895,8111018642.186,8111025553.656,1464.839,6933.761,5468.922,22.291,5446.631,3066.239,0,0.000,1,4,48,0
909,8111033434.847,8111033453.854,8111035044.088,1589.818,1609.241,19.423,19.007,0.416,8390.759,0,0.000,0,4,48,0
910,8111043344.393,8111043376.947,8111044948.458,1570.413,1604.065,33.652,32.554,1.098,8395.935,0,0.000,0,4,48,0
911,8111054620.674,8111054640.400,8111056157.445,1516.535,1536.771,20.236,19.726,0.510,8463.229,0,0.000,0,4,48,0
912,8111062110.134,8111062128.454,8111065285.911,1532.607,3175.777,1643.170,18.320,1624.850,6824.223,0,0.000,1,4,48,0
913,8111075644.247,8111075664.148,8111077288.022,1623.344,1643.775,20.431,19.901,0.530,8356.225,0,0.000,0,4,48,0
914,8111081721.742,8111081742.454,8111085922.504,1531.126,4200.762,2669.636,20.712,2648.924,5799.238,0,0.000,1,4,48,0
915,8111093738.057,8111093758.461,8111095346.666,1587.641,1608.609,20.968,20.404,0.564,8391.391,0,0.000,0,4,48,0
916,8111099881.225,8111099900.755,8111104176.711,1534.534,4295.486,2760.952,19.530,2741.422,5704.514,0,0.000,1,4,48,0
917,8111107735.510,8111107756.049,8111114047.864,1536.201,6312.354,4776.153,20.539,4755.614,3687.646,0,0.000,1,4,48,0
918,8111116991.065,8111117008.126,8111123754.959,1586.618,6763.894,5177.276,17.061,5160.215,3236.106,0,0.000,1,4,48,0
919,8111129187.819,8111129206.965,8111130685.963,1478.506,1498.144,19.638,19.146,0.492,8501.856,0,0.000,0,4,48,0
920,8111142212.900,8111142232.225,8111143809.497,1576.851,1596.597,19.746,19.325,0.421,8403.403,0,0.000,0,4,48,0
921,8111150213.550,8111150227.836,8111151785.900,1557.566,1572.350,14.784,14.286,0.498,8427.650,0,0.000,0,4,48,0
922,8111157693.060,8111157709.423,8111160472.951,1547.251,2779.891,1232.640,16.363,1216.277,7220.109,0,0.000,1,4,48,0
923,8111166438.341,8111166452.040,8111167896.900,1444.439,1458.559,14.120,13.699,0.421,8541.441,0,0.000,0,4,48,0
924,8111181268.205,8111181288.584,8111182796.029,1507.002,1527.824,20.822,20.379,0.443,8472.176,0,0.000,0,4,48,0
925,8111196023.776,8111196047.054,8111197545.344,1497.632,1521.568,23.936,23.278,0.658,8478.432,0,0.000,0,4,48,0
926,8111210277.738,8111210297.811,8111211773.010,1474.655,1495.272,20.617,20.073,0.544,8504.728,0,0.000,0,4,48,0
927,8111219008.023,8111219023.509,8111220616.585,1592.624,1608.562,15.938,15.486,0.452,8391.438,0,0.000,0,4,48,0
928,8111233870.205,8111233889.455,8111235483.948,1594.029,1613.743,19.714,19.250,0.464,8386.257,0,0.000,0,4,48,0
929,8111248472.433,8111248492.157,8111250074.736,1582.045,1602.303,20.258,19.724,0.534,8397.697,0,0.000,0,4,48,0
930,8111259091.795,8111259106.116,8111260612.613,1505.977,1520.818,14.841,14.321,0.520,8479.182,0,0.000,0,4,48,0
931,8111268707.194,8111268726.038,8111270235.649,1509.213,1528.455,19.242,18.844,0.398,8471.545,0,0.000,0,4,48,0
932,8111280604.650,8111280625.426,8111282103.093,1477.265,1498.443,21.178,20.776,0.402,8501.557,0,0.000,0,4,48,0
933,8111287698.706,8111287713.670,8111290895.276,1570.190,3196.570,1626.380,14.964,1611.416,6803.430,0,0.000,1,4,48,0
934,8111299948.244,8111299967.439,8111301498.298,1530.452,1550.054,19.602,19.195,0.407,8449.946,0,0.000,0,4,48,0
935,8111309058.284,8111309072.757,8111310610.601,1537.407,1552.317,14.910,14.473,0.437,8447.683,0,0.000,0,4,48,0
936,8111318477.144,8111318490.870,8111320106.764,1615.495,1629.620,14.125,13.726,0.399,8370.380,0,0.000,0,4,48,0
937,8111329704.458,8111329723.615,8111331246.730,1522.726,1542.272,19.546,19.157,0.389,8457.728,0,0.000,0,4,48,0
938,8111342463.867,8111342484.269,8111344014.151,1529.333,1550.284,20.951,20.402,0.549,8449.716,0,0.000,0,4,48,0
939,8111353317.976,8111353336.808,8111354907.402,1570.191,1589.426,19.235,18.832,0.403,8410.574,0,0.000,0,4,48,0
940,8111359419.201,8111359433.452,8111364291.285,1529.508,4872.084,3342.576,14.251,3328.325,5127.916,0,0.000,1,4,48,0
941,8111373326.669,8111373345.663,8111374873.675,1527.521,1547.006,19.485,18.994,0.491,8452.994,0,0.000,0,4,48,0
942,8111382108.764,8111382122.570,8111383601.617,1478.648,1492.853,14.205,13.806,0.399,8507.147,0,0.000,0,4,48,0
943,8111393888.014,8111393906.964,8111395421.842,1514.320,1533.828,19.508,18.950,0.558,8466.172,0,0.000,0,4,48,0
944,8111401050.367,8111401064.573,8111404495.238,1537.257,3444.871,1907.614,14.206,1893.408,6555.129,0,0.000,1,4,48,0
945,8111410857.654,8111410871.448,8111412361.396,1489.524,1503.742,14.218,13.794,0.424,8496.258,0,0.000,0,4,48,0
946,8111422027.882,8111422047.098,8111423507.636,1460.133,1479.754,19.621,19.216,0.405,8520.246,0,0.000,0,4,48,0
947,8111430233.866,8111430247.661,8111431829.043,1580.902,1595.177,14.275,13.795,0.480,8404.823,0,0.000,0,4,48,0
948,8111442374.434,8111442393.840,8111443952.043,1557.788,1577.609,19.821,19.406,0.415,8422.391,0,0.000,0,4,48,0
949,8111449423.204,8111449437.598,8111453299.604,1484.183,3876.400,2392.217,14.394,2377.823,6123.600,0,0.000,1,4,48,0
950,8111454750.662,8111454773.001,8111462662.865,1504.594,7912.203,6407.609,22.339,6385.270,2087.797,0,0.000,1,4,48,0
951,8111462329.978,8111462667.323,8111472392.700,1513.420,10062.722,8549.302,337.345,8211.957,-62.722,1,62.722,1,4,48,0
952,8111469961.111,8111472398.028,8111473914.442,1515.909,3953.331,2437.422,2436.917,0.505,6046.669,0,0.000,0,4,48,0
953,8111480509.300,8111480529.829,8111483391.676,1484.042,2882.376,1398.334,20.529,1377.805,7117.624,0,0.000,1,4,48,0
954,8111486275.865,8111486290.531,8111492389.797,1559.085,6113.932,4554.847,14.666,4540.181,3886.068,0,0.000,1,4,48,0
955,8111492541.563,8111492555.740,8111502462.764,1517.566,9921.201,8403.635,14.177,8389.458,78.799,0,0.000,1,4,48,0
956,8111501701.662,8111502467.166,8111503952.197,1484.603,2250.535,765.932,765.504,0.428,7749.465,0,0.000,0,4,48,0
957,8111509110.160,8111509131.730,8111513073.879,1565.646,3963.719,2398.073,21.570,2376.503,6036.281,0,0.000,1,4,48,0
958,8111522031.933,8111522052.353,8111523541.362,1488.600,1509.429,20.829,20.420,0.409,8490.571,0,0.000,0,4,48,0
959,8111530516.835,8111530532.825,8111532037.554,1504.264,1520.719,16.455,15.990,0.465,8479.281,0,0.000,0,4,48,0
960,8111539494.653,8111539510.813,8111541182.481,1671.174,1687.828,16.654,16.160,0.494,8312.172,0,0.000,0,4,48,0
961,8111549814.803,8111549834.886,8111551380.801,1545.500,1565.998,20.498,20.083,0.415,8434.002,0,0.000,0,4,48,0
962,8111555751.596,8111555771.939,8111560195.318,1605.173,4443.722,2838.549,20.343,2818.206,5556.278,0,0.000,1,4,48,0
963,8111564047.757,8111564062.723,8111570408.493,1515.936,6360.736,4844.800,14.966,4829.834,3639.264,0,0.000,1,4,48,0
964,8111577122.005,8111577154.242,8111578649.117,1494.426,1527.112,32.686,32.237,0.449,8472.888,0,0.000,0,4,48,0
965,8111591855.490,8111591875.222,8111593506.344,1630.720,1650.854,20.134,19.732,0.402,8349.146,0,0.000,0,4,48,0
966,8111599070.806,8111599084.660,8111602506.338,1561.245,3435.532,1874.287,13.854,1860.433,6564.468,0,0.000,1,4,48,0
967,8111605334.888,8111605352.188,8111611887.282,1463.165,6552.394,5089.229,17.300,5071.929,3447.606,0,0.000,1,4,48,0
968,8111618202.831,8111618221.753,8111619739.289,1517.121,1536.458,19.337,18.922,0.415,8463.542,0,0.000,0,4,48,0
969,8111628477.333,8111628494.184,8111629978.076,1483.417,1500.743,17.326,16.851,0.475,8499.257,0,0.000,0,4,48,0
970,8111643300.559,8111643319.694,8111644874.480,1554.335,1573.921,19.586,19.135,0.451,8426.079,0,0.000,0,4,48,0
971,8111657964.251,8111657983.474,8111659551.592,1567.715,1587.341,19.626,19.223,0.403,8412.659,0,0.000,0,4,48,0
972,8111666988.896,8111667011.467,8111668520.011,1508.128,1531.115,22.987,22.571,0.416,8468.885,0,0.000,0,4,48,0
973,8111678095.388,8111678114.382,8111679615.112,1500.320,1519.724,19.404,18.994,0.410,8480.276,0,0.000,0,4,48,0
974,8111683409.872,8111683430.057,8111689147.838,1611.496,5737.966,4126.470,20.185,4106.285,4262.034,0,0.000,1,4,48,0
975,8111697060.107,8111697079.291,8111698563.385,1483.675,1503.278,19.603,19.184,0.419,8496.722,0,0.000,0,4,48,0
976,8111702972.532,8111702991.808,8111707621.671,1565.890,4649.139,3083.249,19.276,3063.973,5350.861,0,0.000,1,4,48,0
977,8111712097.222,8111712117.101,8111717079.681,1552.785,4982.459,3429.674,19.879,3409.795,5017.541,0,0.000,1,4,48,0
978,8111717499.529,8111717522.189,8111727125.346,1537.957,9625.817,8087.860,22.660,8065.200,374.183,0,0.000,1,4,48,0
979,8111732016.656,8111732036.310,8111733628.081,1591.334,1611.425,20.091,19.654,0.437,8388.575,0,0.000,0,4,48,0
980,8111742545.305,8111742564.746,8111744127.972,1562.528,1582.667,20.139,19.441,0.698,8417.333,0,0.000,0,4,48,0
981,8111751896.572,8111751916.998,8111753479.862,1562.202,1583.290,21.088,20.426,0.662,8416.710,0,0.000,0,4,48,0
982,8111760254.407,8111760275.121,8111761799.365,1523.315,1544.958,21.643,20.714,0.929,8455.042,0,0.000,0,4,48,0
983,8111772425.372,8111772445.974,8111773948.776,1502.270,1523.404,21.134,20.602,0.532,8476.596,0,0.000,0,4,48,0
984,8111784733.764,8111784763.698,8111786313.852,1549.188,1580.088,30.900,29.934,0.966,8419.912,0,0.000,0,4,48,0
985,8111791114.689,8111791136.815,8111795460.962,1586.071,4346.273,2760.202,22.126,2738.076,5653.727,0,0.000,1,4,48,0
986,8111803298.511,8111803318.420,8111804879.473,1560.516,1580.962,20.446,19.909,0.537,8419.038,0,0.000,0,4,48,0
987,8111816272.522,8111816293.013,8111817908.546,1615.009,1636.024,21.015,20.491,0.524,8363.976,0,0.000,0,4,48,0
988,8111827771.252,8111827791.329,8111829409.572,1617.794,1638.320,20.526,20.077,0.449,8361.680,0,0.000,0,4,48,0
989,8111833254.352,8111833268.978,8111838684.985,1636.640,5430.633,3793.993,14.626,3779.367,4569.367,0,0.000,1,4,48,0
990,8111838835.580,8111838848.791,8111848259.026,1631.038,9423.446,7792.408,13.211,7779.197,576.554,0,0.000,1,4,48,0
991,8111852019.893,8111852040.685,8111857787.141,1576.497,5767.248,4190.751,20.792,4169.959,4232.752,0,0.000,1,4,48,0
992,8111860558.101,8111860572.862,8111862044.077,1470.793,1485.976,15.183,14.761,0.422,8514.024,0,0.000,0,4,48,0
993,8111866366.938,8111866380.729,8111871444.696,1504.146,5077.758,3573.612,13.791,3559.821,4922.242,0,0.000,1,4,48,0
994,8111880947.477,8111880966.577,8111882522.834,1555.771,1575.357,19.586,19.100,0.486,8424.643,0,0.000,0,4,48,0
995,8111888249.636,8111888267.153,8111891801.227,1582.703,3551.591,1968.888,17.517,1951.371,6448.409,0,0.000,1,4,48,0
996,8111903249.613,8111903268.497,8111904848.842,1579.827,1599.229,19.402,18.884,0.518,8400.771,0,0.000,0,4,48,0
997,8111913484.653,8111913508.091,8111914964.333,1455.745,1479.680,23.935,23.438,0.497,8520.320,0,0.000,0,4,48,0
998,8111922381.852,8111922400.695,8111923935.776,1534.651,1553.924,19.273,18.843,0.430,8446.076,0,0.000,0,4,48,0
999,8111928371.671,8111928386.433,8111933312.573,1525.929,4940.902,3414.973,14.762,3400.211,5059.098,0,0.000,1,4,48,0
1000,8111938526.889,8111938540.898,8111940009.640,1468.213,1482.751,14.538,14.009,0.529,8517.249,0,0.000,0,4,48,0
1001,8111952350.362,8111952369.461,8111953825.154,1455.268,1474.792,19.524,19.099,0.425,8525.208,0,0.000,0,4,48,0
1002,8111959330.971,8111959346.129,8111963273.842,1573.715,3942.871,2369.156,15.158,2353.998,6057.129,0,0.000,1,4,48,0
1003,8111964995.281,8111965025.376,8111972863.186,1468.383,7867.905,6399.522,30.095,6369.427,2132.095,0,0.000,1,4,48,0
1004,8111970049.064,8111972867.344,8111982368.720,1544.664,12319.656,10774.992,2818.280,7956.712,-2319.656,1,2319.656,1,4,48,0
1005,8111982106.706,8111982373.545,8111983956.212,1582.242,1849.506,267.264,266.839,0.425,8150.494,0,0.000,0,4,48,0
1006,8111996996.247,8111997030.752,8111998593.705,1562.527,1597.458,34.931,34.505,0.426,8402.542,0,0.000,0,4,48,0
1007,8112007251.194,8112007265.762,8112008816.023,1549.791,1564.829,15.038,14.568,0.470,8435.171,0,0.000,0,4,48,0
1008,8112019083.189,8112019102.786,8112020710.539,1607.156,1627.350,20.194,19.597,0.597,8372.650,0,0.000,0,4,48,0
1009,8112032241.307,8112032262.792,8112033802.169,1538.774,1560.862,22.088,21.485,0.603,8439.138,0,0.000,0,4,48,0
1010,8112043443.817,8112043473.714,8112045084.767,1610.066,1640.950,30.884,29.897,0.987,8359.050,0,0.000,0,4,48,0
1011,8112058200.157,8112058220.780,8112059728.712,1507.425,1528.555,21.130,20.623,0.507,8471.445,0,0.000,0,4,48,0
1012,8112067636.626,8112067650.722,8112069158.576,1507.416,1521.950,14.534,14.096,0.438,8478.050,0,0.000,0,4,48,0
1013,8112077414.823,8112077428.650,8112078932.164,1503.116,1517.341,14.225,13.827,0.398,8482.659,0,0.000,0,4,48,0
1014,8112091072.024,8112091093.961,8112092604.511,1510.046,1532.487,22.441,21.937,0.504,8467.513,0,0.000,0,4,48,0
1015,8112100647.691,8112100662.243,8112102135.974,1473.313,1488.283,14.970,14.552,0.418,8511.717,0,0.000,0,4,48,0
1016,8112109973.256,8112109993.353,8112111499.819,1506.068,1526.563,20.495,20.097,0.398,8473.437,0,0.000,0,4,48,0
1017,8112117845.141,8112117859.521,8112119448.043,1588.122,1602.902,14.780,14.380,0.400,8397.098,0,0.000,0,4,48,0
1018,8112126998.367,8112127013.415,8112128632.252,1605.599,1633.885,28.286,15.048,13.238,8366.115,0,0.000,0,4,48,0
1019,8112139834.616,8112139855.719,8112141355.375,1499.241,1520.759,21.518,21.103,0.415,8479.241,0,0.000,0,4,48,0
1020,8112149329.919,8112149344.507,8112150866.233,1521.168,1536.314,15.146,14.588,0.558,8463.686,0,0.000,0,4,48,0
1021,8112158880.359,8112158899.918,8112160416.062,1515.678,1535.703,20.025,19.559,0.466,8464.297,0,0.000,0,4,48,0
1022,8112169599.012,8112169620.156,8112171224.898,1604.347,1625.886,21.539,21.144,0.395,8374.114,0,0.000,0,4,48,0
1023,8112180319.654,8112180338.795,8112181963.294,1624.077,1643.640,19.563,19.141,0.422,8356.360,0,0.000,0,4,48,0
1024,8112185459.798,8112185473.781,8112191391.157,1580.213,5931.359,4351.146,13.983,4337.163,4068.641,0,0.000,1,4,48,0
1025,8112193225.248,8112193239.365,8112201161.938,1591.047,7936.690,6345.643,14.117,6331.526,2063.310,0,0.000,1,4,48,0
1026,8112204773.215,8112204792.466,8112206407.601,1614.744,1634.386,19.642,19.251,0.391,8365.614,0,0.000,0,4,48,0
1027,8112217409.575,8112217429.886,8112218981.280,1550.988,1571.705,20.717,20.311,0.406,8428.295,0,0.000,0,4,48,0
1028,8112228846.474,8112228865.822,8112230328.211,1462.007,1481.737,19.730,19.348,0.382,8518.263,0,0.000,0,4,48,0
1029,8112239803.369,8112239822.570,8112241408.640,1585.666,1605.271,19.605,19.201,0.404,8394.729,0,0.000,0,4,48,0
1030,8112249013.687,8112249028.112,8112250504.204,1475.686,1490.517,14.831,14.425,0.406,8509.483,0,0.000,0,4,48,0
1031,8112263293.974,8112263313.196,8112264732.541,1418.927,1438.567,19.640,19.222,0.418,8561.433,0,0.000,0,4,48,0
1032,8112277086.798,8112277106.517,8112278653.378,1546.449,1566.580,20.131,19.719,0.412,8433.420,0,0.000,0,4,48,0
1033,8112291350.756,8112291372.285,8112292910.395,1537.698,1559.639,21.941,21.529,0.412,8440.361,0,0.000,0,4,48,0
1034,8112302942.798,8112302962.595,8112304536.228,1573.232,1593.430,20.198,19.797,0.401,8406.570,0,0.000,0,4,48,0
1035,8112317340.852,8112317360.614,8112318979.976,1618.905,1639.124,20.219,19.762,0.457,8360.876,0,0.000,0,4,48,0
1036,8112331574.551,8112331594.206,8112333107.078,1512.371,1532.527,20.156,19.655,0.501,8467.473,0,0.000,0,4,48,0
1037,8112342836.924,8112342856.307,8112344362.859,1506.137,1525.935,19.798,19.383,0.415,8474.065,0,0.000,0,4,48,0
1038,8112351618.046,8112351637.263,8112353142.831,1505.095,1524.785,19.690,19.217,0.473,8475.215,0,0.000,0,4,48,0
1039,8112362385.537,8112362405.156,8112363898.269,1492.713,1512.732,20.019,19.619,0.400,8487.268,0,0.000,0,4,48,0
1040,8112370711.312,8112370731.366,8112372326.699,1594.953,1615.387,20.434,20.054,0.380,8384.613,0,0.000,0,4,48,0
1041,8112385159.375,8112385178.947,8112386746.604,1567.228,1587.229,20.001,19.572,0.429,8412.771,0,0.000,0,4,48,0
1042,8112395647.869,8112395662.452,8112397178.804,1515.946,1530.935,14.989,14.583,0.406,8469.065,0,0.000,0,4,48,0
1043,8112404012.260,8112404041.320,8112405550.548,1508.814,1538.288,29.474,29.060,0.414,8461.712,0,0.000,0,4,48,0
1044,8112415253.831,8112415275.585,8112416854.592,1578.596,1600.761,22.165,21.754,0.411,8399.239,0,0.000,0,4,48,0
1045,8112428206.751,8112428226.162,8112429783.413,1556.779,1576.662,19.883,19.411,0.472,8423.338,0,0.000,0,4,48,0
1046,8112441774.381,8112441793.492,8112443360.895,1567.006,1586.514,19.508,19.111,0.397,8413.486,0,0.000,0,4,48,0
1047,8112451407.003,8112451428.988,8112452942.586,1513.022,1535.583,22.561,21.985,0.576,8464.417,0,0.000,0,4,48,0
1048,8112460884.451,8112460902.717,8112462426.336,1523.215,1541.885,18.670,18.266,0.404,8458.115,0,0.000,0,4,48,0
1049,8112475258.947,8112475280.397,8112476857.228,1576.416,1598.281,21.865,21.450,0.415,8401.719,0,0.000,0,4,48,0
1050,8112483696.087,8112483717.379,8112485278.282,1560.489,1582.195,21.706,21.292,0.414,8417.805,0,0.000,0,4,48,0
1051,8112497059.308,8112497078.863,8112498607.033,1527.667,1547.725,20.058,19.555,0.503,8452.275,0,0.000,0,4,48,0
1052,8112506914.906,8112506929.485,8112508530.471,1600.556,1615.565,15.009,14.579,0.430,8384.435,0,0.000,0,4,48,0
1053,8112517528.695,8112517548.058,8112519071.496,1523.027,1542.801,19.774,19.363,0.411,8457.199,0,0.000,0,4,48,0
1054,8112523274.367,8112523288.618,8112528315.762,1492.669,5041.395,3548.726,14.251,3534.475,4958.605,0,0.000,1,4,48,0
1055,8112530124.887,8112530138.195,8112537561.592,1495.650,7436.705,5941.055,13.308,5927.747,2563.295,0,0.000,1,4,48,0
1056,8112536437.121,8112537566.146,8112547643.920,1537.765,11206.799,9669.034,1129.025,8540.009,-1206.799,1,1206.799,1,4,48,0
1057,8112546060.515,8112547648.454,8112549141.049,1492.214,3080.534,1588.320,1587.939,0.381,6919.466,0,0.000,0,4,48,0
1058,8112559112.935,8112559132.421,8112560625.326,1492.472,1512.391,19.919,19.486,0.433,8487.609,0,0.000,0,4,48,0
1059,8112569369.240,8112569385.822,8112570926.580,1540.274,1557.340,17.066,16.582,0.484,8442.660,0,0.000,0,4,48,0
1060,8112580564.983,8112580585.233,8112582047.096,1461.459,1482.113,20.654,20.250,0.404,8517.887,0,0.000,0,4,48,0
1061,8112586145.733,8112586167.600,8112591292.252,1555.485,5146.519,3591.034,21.867,3569.167,4853.481,0,0.000,1,4,48,0
1062,8112593496.954,8112593514.127,8112600718.727,1618.751,7221.773,5603.022,17.173,5585.849,2778.227,0,0.000,1,4,48,0
1063,8112604783.268,8112604803.190,8112606364.469,1560.796,1581.201,20.405,19.922,0.483,8418.799,0,0.000,0,4,48,0
1064,8112618852.511,8112618871.835,8112620446.762,1574.454,1594.251,19.797,19.324,0.473,8405.749,0,0.000,0,4,48,0
1065,8112633782.286,8112633801.492,8112635353.376,1551.483,1571.090,19.607,19.206,0.401,8428.910,0,0.000,0,4,48,0
1066,8112648477.310,8112648496.879,8112650085.469,1588.118,1608.159,20.041,19.569,0.472,8391.841,0,0.000,0,4,48,0
1067,8112656128.369,8112656149.120,8112659209.425,1577.677,3081.056,1503.379,20.751,1482.628,6918.944,0,0.000,1,4,48,0
1068,8112670247.468,8112670267.575,8112671880.503,1612.508,1633.035,20.527,20.107,0.420,8366.965,0,0.000,0,4,48,0
1069,8112679049.485,8112679067.671,8112680584.435,1516.365,1534.950,18.585,18.186,0.399,8465.050,0,0.000,0,4,48,0
1070,8112689630.862,8112689645.208,8112691272.894,1627.189,1642.032,14.843,14.346,0.497,8357.968,0,0.000,0,4,48,0
1071,8112701980.122,8112702006.582,8112703483.491,1476.339,1503.369,27.030,26.460,0.570,8496.631,0,0.000,0,4,48,0
1072,8112713130.447,8112713149.457,8112714716.157,1566.291,1585.710,19.419,19.010,0.409,8414.290,0,0.000,0,4,48,0
1073,8112719704.657,8112719726.521,8112723321.237,1459.258,3616.580,2157.322,21.864,2135.458,6383.420,0,0.000,1,4,48,0
1074,8112733078.587,8112733098.497,8112734709.323,1610.334,1630.736,20.402,19.910,0.492,8369.264,0,0.000,0,4,48,0
1075,8112747301.211,8112747331.045,8112748880.612,1548.522,1579.401,30.879,29.834,1.045,8420.599,0,0.000,0,4,48,0
1076,8112761760.209,8112761780.470,8112763374.535,1593.529,1614.326,20.797,20.261,0.536,8385.674,0,0.000,0,4,48,0
1077,8112768602.103,8112768617.070,8112772992.430,1608.500,4390.327,2781.827,14.967,2766.860,5609.673,0,0.000,1,4,48,0
1078,8112779413.876,8112779435.670,8112780958.836,1522.665,1544.960,22.295,21.794,0.501,8455.040,0,0.000,0,4,48,0
1079,8112786084.444,8112786101.278,8112789981.747,1462.008,3897.303,2435.295,16.834,2418.461,6102.697,0,0.000,1,4,48,0
1080,8112791438.639,8112791452.335,8112799467.015,1594.471,8028.376,6433.905,13.696,6420.209,1971.624,0,0.000,1,4,48,0
1081,8112805064.517,8112805084.016,8112806500.488,1416.042,1435.971,19.929,19.499,0.430,8564.029,0,0.000,0,4,48,0
1082,8112811787.281,8112811808.867,8112815391.000,1513.964,3603.719,2089.755,21.586,2068.169,6396.281,0,0.000,1,4,48,0
1083,8112825544.193,8112825563.999,8112827139.462,1574.965,1595.269,20.304,19.806,0.498,8404.731,0,0.000,0,4,48,0
1084,8112832092.640,8112832114.344,8112836287.731,1621.245,4195.091,2573.846,21.704,2552.142,5804.909,0,0.000,1,4,48,0
1085,8112843719.655,8112843741.314,8112845357.381,1615.579,1637.726,22.147,21.659,0.488,8362.274,0,0.000,0,4,48,0
1086,8112852068.897,8112852082.919,8112853625.007,1541.677,1556.110,14.433,14.022,0.411,8443.890,0,0.000,0,4,48,0
1087,8112864711.858,8112864730.978,8112866269.471,1538.094,1557.613,19.519,19.120,0.399,8442.387,0,0.000,0,4,48,0
1088,8112874889.085,8112874907.783,8112876373.777,1465.594,1484.692,19.098,18.698,0.400,8515.308,0,0.000,0,4,48,0
1089,8112884945.469,8112884964.525,8112886533.115,1568.196,1587.646,19.450,19.056,0.394,8412.354,0,0.000,0,4,48,0
1090,8112899834.042,8112899853.294,8112901393.440,1539.745,1559.398,19.653,19.252,0.401,8440.602,0,0.000,0,4,48,0
1091,8112908451.948,8112908471.053,8112909992.944,1521.472,1540.996,19.524,19.105,0.419,8459.004,0,0.000,0,4,48,0
1092,8112915014.027,8112915033.308,8112919045.156,1556.917,4031.129,2474.212,19.281,2454.931,5968.871,0,0.000,1,4,48,0
1093,8112923628.687,8112923648.704,8112928635.633,1531.063,5006.946,3475.883,20.017,3455.866,4993.054,0,0.000,1,4,48,0
1094,8112931730.776,8112931747.539,8112938466.804,1571.217,6736.028,5164.811,16.763,5148.048,3263.972,0,0.000,1,4,48,0
1095,8112938556.922,8112938576.391,8112940130.026,1552.963,1573.104,20.141,19.469,0.672,8426.896,0,0.000,0,4,48,0
1096,8112945404.204,8112945417.726,8112949388.225,1517.598,3984.021,2466.423,13.522,2452.901,6015.979,0,0.000,1,4,48,0
1097,8112956123.030,8112956141.816,8112957652.116,1509.891,1529.086,19.195,18.786,0.409,8470.914,0,0.000,0,4,48,0
1098,8112961332.294,8112961346.870,8112966955.194,1480.426,5622.900,4142.474,14.576,4127.898,4377.100,0,0.000,1,4,48,0
1099,8112974124.193,8112974145.031,8112975708.611,1563.169,1584.418,21.249,20.838,0.411,8415.582,0,0.000,0,4,48,0
1100,8112980386.012,8112980405.579,8112984987.147,1453.762,4601.135,3147.373,19.567,3127.806,5398.865,0,0.000,1,4,48,0
1101,8112995444.109,8112995463.623,8112997026.773,1562.692,1582.664,19.972,19.514,0.458,8417.336,0,0.000,0,4,48,0
1102,8113002017.237,8113002031.245,8113006072.692,1592.178,4055.455,2463.277,14.008,2449.269,5944.545,0,0.000,1,4,48,0
1103,8113015913.722,8113015936.483,8113017465.510,1528.477,1551.788,23.311,22.761,0.550,8448.212,0,0.000,0,4,48,0
1104,8113030444.994,8113030464.693,8113031961.467,1496.317,1516.473,20.156,19.699,0.457,8483.527,0,0.000,0,4,48,0
1105,8113043827.809,8113043858.306,8113045398.822,1539.601,1571.013,31.412,30.497,0.915,8428.987,0,0.000,0,4,48,0
1106,8113049039.774,8113049061.500,8113054455.742,1562.392,5415.968,3853.576,21.726,3831.850,4584.032,0,0.000,1,4,48,0
1107,8113064071.155,8113064091.584,8113065616.187,1524.096,1545.032,20.936,20.429,0.507,8454.968,0,0.000,0,4,48,0
1108,8113074300.997,8113074315.256,8113075749.621,1433.864,1448.624,14.760,14.259,0.501,8551.376,0,0.000,0,4,48,0
1109,8113083097.960,8113083117.086,8113084696.230,1578.709,1598.270,19.561,19.126,0.435,8401.730,0,0.000,0,4,48,0
1110,8113095365.101,8113095385.578,8113096970.946,1584.899,1605.845,20.946,20.477,0.469,8394.155,0,0.000,0,4,48,0
1111,8113108912.894,8113108934.717,8113110422.265,1487.035,1509.371,22.336,21.823,0.513,8490.629,0,0.000,0,4,48,0
1112,8113122520.693,8113122540.481,8113124050.247,1509.344,1529.554,20.210,19.788,0.422,8470.446,0,0.000,0,4,48,0
1113,8113128834.394,8113128848.810,8113132962.329,1587.694,4127.935,2540.241,14.416,2525.825,5872.065,0,0.000,1,4,48,0
1114,8113142478.092,8113142497.044,8113144122.785,1625.273,1644.693,19.420,18.952,0.468,8355.307,0,0.000,0,4,48,0
1115,8113148259.305,8113148279.348,8113153349.830,1588.574,5090.525,3501.951,20.043,3481.908,4909.475,0,0.000,1,4,48,0
1116,8113157717.913,8113157742.359,8113162843.358,1604.547,5125.445,3520.898,24.446,3496.452,4874.555,0,0.000,1,4,48,0
1117,8113171610.143,8113171630.903,8113173185.404,1554.100,1575.261,21.161,20.760,0.401,8424.739,0,0.000,0,4,48,0
1118,8113180380.718,8113180402.238,8113181906.791,1504.136,1526.073,21.937,21.520,0.417,8473.927,0,0.000,0,4,48,0
1119,8113193328.925,8113193348.729,8113194837.992,1488.828,1509.067,20.239,19.804,0.435,8490.933,0,0.000,0,4,48,0
1120,8113206210.832,8113206230.176,8113207823.379,1592.785,1612.547,19.762,19.344,0.418,8387.453,0,0.000,0,4,48,0
1121,8113215935.534,8113215949.545,8113217435.591,1485.638,1500.057,14.419,14.011,0.408,8499.943,0,0.000,0,4,48,0
1122,8113229446.931,8113229468.357,8113231210.998,1742.221,1764.067,21.846,21.426,0.420,8235.933,0,0.000,0,4,48,0
1123,8113240576.523,8113240596.406,8113242108.479,1511.625,1531.956,20.331,19.883,0.448,8468.044,0,0.000,0,4,48,0
1124,8113248440.598,8113248455.099,8113250062.521,1606.987,1621.923,14.936,14.501,0.435,8378.077,0,0.000,0,4,48,0
1125,8113261772.067,8113261794.693,8113263313.935,1518.767,1541.868,23.101,22.626,0.475,8458.132,0,0.000,0,4,48,0
1126,8113274828.386,8113274847.225,8113276447.724,1600.094,1619.338,19.244,18.839,0.405,8380.662,0,0.000,0,4,48,0
1127,8113281951.881,8113281965.773,8113285336.119,1537.769,3384.238,1846.469,13.892,1832.577,6615.762,0,0.000,1,4,48,0
1128,8113289019.254,8113289033.041,8113295379.957,1511.343,6360.703,4849.360,13.787,4835.573,3639.297,0,0.000,1,4,48,0
1129,8113300991.363,8113301014.569,8113302562.993,1547.968,1571.630,23.662,23.206,0.456,8428.370,0,0.000,0,4,48,0
1130,8113309115.448,8113309130.205,8113310660.562,1529.930,1545.114,15.184,14.757,0.427,8454.886,0,0.000,0,4,48,0
1131,8113320968.564,8113320987.710,8113322505.006,1516.896,1536.442,19.546,19.146,0.400,8463.558,0,0.000,0,4,48,0
1132,8113326675.132,8113326694.713,8113331297.608,1615.432,4622.476,3007.044,19.581,2987.463,5377.524,0,0.000,1,4,48,0
1133,8113334369.425,8113334384.996,8113340985.245,1501.120,6615.820,5114.700,15.571,5099.129,3384.180,0,0.000,1,4,48,0
1134,8113341261.645,8113341282.919,8113350993.800,1513.403,9732.155,8218.752,21.274,8197.478,267.845,0,0.000,1,4,48,0
1135,8113353788.129,8113353806.919,8113355348.883,1541.537,1560.754,19.217,18.790,0.427,8439.246,0,0.000,0,4,48,0
1136,8113364365.185,8113364385.574,8113365871.096,1485.082,1505.911,20.829,20.389,0.440,8494.089,0,0.000,0,4,48,0
1137,8113371289.092,8113371311.921,8113375208.640,1527.352,3919.548,2392.196,22.829,2369.367,6080.452,0,0.000,1,4,48,0
1138,8113381393.096,8113381406.553,8113382920.879,1513.875,1527.783,13.908,13.457,0.451,8472.217,0,0.000,0,4,48,0
1139,8113395566.307,8113395585.726,8113397165.471,1579.259,1599.164,19.905,19.419,0.486,8400.836,0,0.000,0,4,48,0
1140,8113409441.346,8113409460.350,8113411015.635,1554.874,1574.289,19.415,19.004,0.411,8425.711,0,0.000,0,4,48,0
1141,8113420889.542,8113420908.551,8113422523.198,1614.225,1633.656,19.431,19.009,0.422,8366.344,0,0.000,0,4,48,0
1142,8113429655.421,8113429671.160,8113431164.539,1492.983,1509.118,16.135,15.739,0.396,8490.882,0,0.000,0,4,48,0
1143,8113441247.388,8113441266.337,8113442744.869,1478.138,1497.481,19.343,18.949,0.394,8502.519,0,0.000,0,4,48,0
1144,8113447041.286,8113447055.585,8113451839.920,1533.433,4798.634,3265.201,14.299,3250.902,5201.366,0,0.000,1,4,48,0
1145,8113454478.985,8113454494.677,8113461275.438,1527.755,6796.453,5268.698,15.692,5253.006,3203.547,0,0.000,1,4,48,0
1146,8113463898.286,8113463919.338,8113471263.543,1577.852,7365.257,5787.405,21.052,5766.353,2634.743,0,0.000,1,4,48,0
1147,8113471977.041,8113471989.395,8113473512.961,1523.138,1535.920,12.782,12.354,0.428,8464.080,0,0.000,0,4,48,0
1148,8113484828.015,8113484847.714,8113486450.517,1602.363,1622.502,20.139,19.699,0.440,8377.498,0,0.000,0,4,48,0
1149,8113490263.869,8113490279.248,8113495677.960,1562.201,5414.091,3851.890,15.379,3836.511,4585.909,0,0.000,1,4,48,0
1150,8113501824.952,8113501844.117,8113503401.570,1557.010,1576.618,19.608,19.165,0.443,8423.382,0,0.000,0,4,48,0
1151,8113515936.243,8113515955.530,8113517652.685,1696.718,1716.442,19.724,19.287,0.437,8283.558,0,0.000,0,4,48,0
1152,8113530018.096,8113530037.323,8113531590.513,1552.760,1572.417,19.657,19.227,0.430,8427.583,0,0.000,0,4,48,0
1153,8113538646.442,8113538660.284,8113540215.037,1554.366,1568.595,14.229,13.842,0.387,8431.405,0,0.000,0,4,48,0
1154,8113548274.097,8113548287.512,8113549791.103,1503.185,1517.006,13.821,13.415,0.406,8482.994,0,0.000,0,4,48,0
1155,8113557040.661,8113557061.292,8113558613.333,1551.581,1572.672,21.091,20.631,0.460,8427.328,0,0.000,0,4,48,0
1156,8113568794.838,8113568814.042,8113570401.280,1586.809,1606.442,19.633,19.204,0.429,8393.558,0,0.000,0,4,48,0
1157,8113583140.141,8113583158.872,8113584707.241,1547.935,1567.100,19.165,18.731,0.434,8432.900,0,0.000,0,4,48,0
1158,8113592434.003,8113592448.019,8113593906.721,1458.255,1472.718,14.463,14.016,0.447,8527.282,0,0.000,0,4,48,0
1159,8113603111.731,8113603132.915,8113604686.782,1553.362,1575.051,21.689,21.184,0.505,8424.949,0,0.000,0,4,48,0
1160,8113613713.967,8113613733.482,8113615321.671,1587.753,1607.704,19.951,19.515,0.436,8392.296,0,0.000,0,4,48,0
1161,8113623813.367,8113623834.577,8113625313.975,1478.996,1500.608,21.612,21.210,0.402,8499.392,0,0.000,0,4,48,0
1162,8113629587.623,8113629607.270,8113633906.729,1481.628,4319.106,2837.478,19.647,2817.831,5680.894,0,0.000,1,4,48,0
1163,8113643524.418,8113643543.275,8113645105.383,1561.627,1580.965,19.338,18.857,0.481,8419.035,0,0.000,0,4,48,0
1164,8113652498.040,8113652511.765,8113654024.870,1512.549,1526.830,14.281,13.725,0.556,8473.170,0,0.000,0,4,48,0
1165,8113658213.112,8113658233.105,8113663238.463,1504.442,5025.351,3520.909,19.993,3500.916,4974.649,0,0.000,1,4,48,0
1166,8113671960.677,8113671979.566,8113673475.461,1495.492,1514.784,19.292,18.889,0.403,8485.216,0,0.000,0,4,48,0
1167,8113684186.843,8113684207.236,8113685720.243,1512.609,1533.400,20.791,20.393,0.398,8466.600,0,0.000,0,4,48,0
1168,8113694813.812,8113694833.049,8113696360.037,1526.578,1546.225,19.647,19.237,0.410,8453.775,0,0.000,0,4,48,0
1169,8113702424.558,8113702443.126,8113705804.198,1545.012,3379.640,1834.628,18.568,1816.060,6620.360,0,0.000,1,4,48,0
1170,8113709124.043,8113709137.748,8113714841.383,1503.921,5717.340,4213.419,13.705,4199.714,4282.660,0,0.000,1,4,48,0
1171,8113719265.334,8113719285.379,8113720712.090,1426.245,1446.756,20.511,20.045,0.466,8553.244,0,0.000,0,4,48,0
1172,8113727878.201,8113727902.995,8113729391.987,1488.514,1513.786,25.272,24.794,0.478,8486.214,0,0.000,0,4,48,0
1173,8113740280.736,8113740300.641,8113741794.609,1493.538,1513.873,20.335,19.905,0.430,8486.127,0,0.000,0,4,48,0
1174,8113752272.097,8113752292.693,8113753826.367,1533.253,1554.270,21.017,20.596,0.421,8445.730,0,0.000,0,4,48,0
1175,8113758608.005,8113758625.139,8113762492.655,1591.820,3884.650,2292.830,17.134,2275.696,6115.350,0,0.000,1,4,48,0
1176,8113766927.607,8113766947.683,8113772787.393,1548.996,5859.786,4310.790,20.076,4290.714,4140.214,0,0.000,1,4,48,0
1177,8113777451.551,8113777470.800,8113779044.520,1573.315,1592.969,19.654,19.249,0.405,8407.031,0,0.000,0,4,48,0
1178,8113787143.500,8113787157.581,8113788612.324,1454.236,1468.824,14.588,14.081,0.507,8531.176,0,0.000,0,4,48,0
1179,8113793635.841,8113793656.964,8113797354.587,1549.880,3718.746,2168.866,21.123,2147.743,6281.254,0,0.000,1,4,48,0
1180,8113806298.117,8113806318.350,8113807846.529,1527.639,1548.412,20.773,20.233,0.540,8451.588,0,0.000,0,4,48,0
1181,8113815463.406,8113815478.531,8113816900.098,1421.123,1436.692,15.569,15.125,0.444,8563.308,0,0.000,0,4,48,0
1182,8113820914.260,8113820934.923,8113825894.514,1494.914,4980.254,3485.340,20.663,3464.677,5019.746,0,0.000,1,4,48,0
1183,8113833330.565,8113833349.666,8113834832.705,1482.592,1502.140,19.548,19.101,0.447,8497.860,0,0.000,0,4,48,0
1184,8113838413.327,8113838434.183,8113844344.266,1571.775,5930.939,4359.164,20.856,4338.308,4069.061,0,0.000,1,4,48,0
1185,8113850819.870,8113850838.619,8113852329.554,1490.456,1509.684,19.228,18.749,0.479,8490.316,0,0.000,0,4,48,0
1186,8113855862.923,8113855877.022,8113861268.855,1553.779,5405.932,3852.153,14.099,3838.054,4594.068,0,0.000,1,4,48,0
1187,8113863879.783,8113863893.584,8113871225.966,1506.156,7346.183,5840.027,13.801,5826.226,2653.817,0,0.000,1,4,48,0
1188,8113873202.369,8113873216.332,8113880836.960,1615.212,7634.591,6019.379,13.963,6005.416,2365.409,0,0.000,1,4,48,0
1189,8113879396.028,8113880848.850,8113882371.239,1521.948,2975.211,1453.263,1452.822,0.441,7024.789,0,0.000,0,4,48,0
1190,8113887780.300,8113887798.700,8113891237.970,1615.644,3457.670,1842.026,18.400,1823.626,6542.330,0,0.000,1,4,48,0
1191,8113902719.514,8113902741.427,8113904314.247,1572.326,1594.733,22.407,21.913,0.494,8405.267,0,0.000,0,4,48,0
1192,8113907835.070,8113907849.598,8113913042.692,1452.856,5207.622,3754.766,14.528,3740.238,4792.378,0,0.000,1,4,48,0
1193,8113921393.303,8113921412.711,8113922925.458,1512.331,1532.155,19.824,19.408,0.416,8467.845,0,0.000,0,4,48,0
1194,8113933425.532,8113933444.285,8113935011.701,1566.999,1586.169,19.170,18.753,0.417,8413.831,0,0.000,0,4,48,0
1195,8113945524.369,8113945541.369,8113946999.563,1457.452,1475.194,17.742,17.000,0.742,8524.806,0,0.000,0,4,48,0
1196,8113957152.290,8113957169.379,8113958637.514,1467.446,1485.224,17.778,17.089,0.689,8514.776,0,0.000,0,4,48,0
1197,8113965637.832,8113965652.954,8113967261.213,1607.859,1623.381,15.522,15.122,0.400,8376.619,0,0.000,0,4,48,0
1198,8113973694.638,8113973709.821,8113975853.368,1500.172,2158.730,658.558,15.183,643.375,7841.270,0,0.000,1,4,48,0
1199,8113981917.810,8113981933.658,8113983446.504,1512.351,1528.694,16.343,15.848,0.495,8471.306,0,0.000,0,4,48,0
1200,8113989561.285,8113989576.965,8113991963.645,1464.771,2402.360,937.589,15.680,921.909,7597.640,0,0.000,1,4,48,0
1201,8114000356.871,8114000377.963,8114001952.192,1573.687,1595.321,21.634,21.092,0.542,8404.679,0,0.000,0,4,48,0
1202,8114014515.544,8114014536.927,8114016015.914,1478.577,1500.370,21.793,21.383,0.410,8499.630,0,0.000,0,4,48,0
1203,8114023354.002,8114023369.186,8114024821.680,1451.992,1467.678,15.686,15.184,0.502,8532.322,0,0.000,0,4,48,0
1204,8114032356.581,8114032376.529,8114033809.575,1432.628,1452.994,20.366,19.948,0.418,8547.006,0,0.000,0,4,48,0
1205,8114046228.068,8114046257.778,8114047784.632,1525.953,1556.564,30.611,29.710,0.901,8443.436,0,0.000,0,4,48,0
1206,8114054970.823,8114054985.237,8114056639.501,1653.768,1668.678,14.910,14.414,0.496,8331.322,0,0.000,0,4,48,0
1207,8114061054.166,8114061068.391,8114065510.243,1468.677,4456.077,2987.400,14.225,2973.175,5543.923,0,0.000,1,4,48,0
1208,8114073609.268,8114073628.293,8114075222.020,1593.331,1612.752,19.421,19.025,0.396,8387.248,0,0.000,0,4,48,0
1209,8114084699.708,8114084719.238,8114086328.144,1608.487,1628.436,19.949,19.530,0.419,8371.564,0,0.000,0,4,48,0
1210,8114092402.977,8114092418.168,8114095619.272,1496.371,3216.295,1719.924,15.191,1704.733,6783.705,0,0.000,1,4,48,0
1211,8114099795.834,8114099810.684,8114105037.023,1507.236,5241.189,3733.953,14.850,3719.103,4758.811,0,0.000,1,4,48,0
1212,8114108495.844,8114108514.503,8114109995.099,1480.106,1499.255,19.149,18.659,0.490,8500.745,0,0.000,0,4,48,0
1213,8114116860.718,8114116874.512,8114118445.732,1570.833,1585.014,14.181,13.794,0.387,8414.986,0,0.000,0,4,48,0
1214,8114126378.342,8114126398.367,8114127931.155,1532.105,1552.813,20.708,20.025,0.683,8447.187,0,0.000,0,4,48,0
1215,8114136711.529,8114136733.420,8114138270.400,1536.534,1558.871,22.337,21.891,0.446,8441.129,0,0.000,0,4,48,0
1216,8114148586.428,8114148606.963,8114150169.096,1561.653,1582.668,21.015,20.535,0.480,8417.332,0,0.000,0,4,48,0
1217,8114160659.353,8114160679.075,8114162246.203,1566.682,1586.850,20.168,19.722,0.446,8413.150,0,0.000,0,4,48,0
1218,8114166784.526,8114166799.605,8114170980.114,1516.111,4195.588,2679.477,15.079,2664.398,5804.412,0,0.000,1,4,48,0
1219,8114174945.561,8114174959.557,8114181136.857,1498.606,6191.296,4692.690,13.996,4678.694,3808.704,0,0.000,1,4,48,0
1220,8114188635.572,8114188654.363,8114190181.572,1526.807,1546.000,19.193,18.791,0.402,8454.000,0,0.000,0,4,48,0
1221,8114203276.302,8114203297.323,8114204768.371,1470.623,1492.069,21.446,21.021,0.425,8507.931,0,0.000,0,4,48,0
1222,8114212396.460,8114212411.038,8114213884.224,1472.714,1487.764,15.050,14.578,0.472,8512.236,0,0.000,0,4,48,0
1223,8114220494.534,8114220508.716,8114221991.741,1482.500,1497.207,14.707,14.182,0.525,8502.793,0,0.000,0,4,48,0
1224,8114230007.696,8114230021.691,8114231584.956,1562.730,1577.260,14.530,13.995,0.535,8422.740,0,0.000,0,4,48,0
1225,8114245017.349,8114245045.762,8114246680.448,1633.662,1663.099,29.437,28.413,1.024,8336.901,0,0.000,0,4,48,0
1226,8114256227.002,8114256260.900,8114257858.054,1595.974,1631.052,35.078,33.898,1.180,8368.948,0,0.000,0,4,48,0
1227,8114266755.567,8114266771.663,8114268355.740,1583.544,1600.173,16.629,16.096,0.533,8399.827,0,0.000,0,4,48,0
1228,8114272559.852,8114272579.870,8114277969.796,1629.969,5409.944,3779.975,20.018,3759.957,4590.056,0,0.000,1,4,48,0
1229,8114285881.138,8114285900.861,8114287470.724,1569.449,1589.586,20.137,19.723,0.414,8410.414,0,0.000,0,4,48,0
1230,8114297780.517,8114297800.255,8114299343.818,1543.036,1563.301,20.265,19.738,0.527,8436.699,0,0.000,0,4,48,0
1231,8114308543.386,8114308563.442,8114310060.839,1496.908,1517.453,20.545,20.056,0.489,8482.547,0,0.000,0,4,48,0
1232,8114313471.447,8114313491.991,8114319591.967,1537.693,6120.520,4582.827,20.544,4562.283,3879.480,0,0.000,1,4,48,0
1233,8114318644.456,8114319596.067,8114328592.638,1445.658,9948.182,8502.524,951.611,7550.913,51.818,0,0.000,1,4,48,0
1234,8114329360.469,8114329380.109,8114338576.710,1634.875,9216.241,7581.366,19.640,7561.726,783.759,0,0.000,1,4,48,0
1235,8114336537.201,8114338581.018,8114340153.332,1571.929,3616.131,2044.202,2043.817,0.385,6383.869,0,0.000,0,4,48,0
1236,8114344324.657,8114344338.781,8114349437.574,1541.771,5112.917,3571.146,14.124,3557.022,4887.083,0,0.000,1,4,48,0
1237,8114351801.929,8114351819.938,8114358881.899,1499.512,7079.970,5580.458,18.009,5562.449,2920.030,0,0.000,1,4,48,0
1238,8114358789.782,8114358886.235,8114368558.914,1495.265,9769.132,8273.867,96.453,8177.414,230.868,0,0.000,1,4,48,0
1239,8114370893.662,8114370913.143,8114372485.925,1572.378,1592.263,19.885,19.481,0.404,8407.737,0,0.000,0,4,48,0
1240,8114376680.136,8114376694.361,8114381073.071,1482.226,4392.935,2910.709,14.225,2896.484,5607.065,0,0.000,1,4,48,0
1241,8114385400.824,8114385414.262,8114390915.810,1491.488,5514.986,4023.498,13.438,4010.060,4485.014,0,0.000,1,4,48,0
1242,8114395267.521,8114395288.657,8114396843.531,1554.268,1576.010,21.742,21.136,0.606,8423.990,0,0.000,0,4,48,0
1243,8114407787.640,8114407807.587,8114409303.920,1495.841,1516.280,20.439,19.947,0.492,8483.720,0,0.000,0,4,48,0
1244,8114414955.211,8114414976.271,8114418311.047,1543.652,3355.836,1812.184,21.060,1791.124,6644.164,0,0.000,1,4,48,0
1245,8114425840.181,8114425859.720,8114427321.396,1461.204,1481.215,20.011,19.539,0.472,8518.785,0,0.000,0,4,48,0
1246,8114435261.786,8114435275.893,8114436860.377,1584.055,1598.591,14.536,14.107,0.429,8401.409,0,0.000,0,4,48,0
1247,8114441449.904,8114441464.632,8114446340.332,1611.615,4890.428,3278.813,14.728,3264.085,5109.572,0,0.000,1,4,48,0
1248,8114454235.804,8114454255.585,8114455835.978,1579.911,1600.174,20.263,19.781,0.482,8399.826,0,0.000,0,4,48,0
1249,8114464701.571,8114464718.312,8114466276.302,1557.583,1574.731,17.148,16.741,0.407,8425.269,0,0.000,0,4,48,0
1250,8114478790.989,8114478810.055,8114480381.140,1570.683,1590.151,19.468,19.066,0.402,8409.849,0,0.000,0,4,48,0
1251,8114488151.749,8114488165.179,8114489601.411,1435.729,1449.662,13.933,13.430,0.503,8550.338,0,0.000,0,4,48,0
1252,8114498756.959,8114498777.310,8114500268.915,1491.192,1511.956,20.764,20.351,0.413,8488.044,0,0.000,0,4,48,0
1253,8114510330.818,8114510350.197,8114511927.096,1576.442,1596.278,19.836,19.379,0.457,8403.722,0,0.000,0,4,48,0
1254,8114519928.036,8114519942.608,8114521433.109,1490.070,1505.073,15.003,14.572,0.431,8494.927,0,0.000,0,4,48,0
1255,8114529601.379,8114529622.319,8114531121.557,1498.494,1520.178,21.684,20.940,0.744,8479.822,0,0.000,0,4,48,0
1256,8114542605.502,8114542625.143,8114544168.087,1542.433,1562.585,20.152,19.641,0.511,8437.415,0,0.000,0,4,48,0
1257,8114551274.881,8114551289.179,8114552732.211,1442.563,1457.330,14.767,14.298,0.469,8542.670,0,0.000,0,4,48,0
1258,8114566012.937,8114566036.500,8114567561.684,1524.729,1548.747,24.018,23.563,0.455,8451.253,0,0.000,0,4,48,0
1259,8114579817.920,8114579838.771,8114581346.508,1507.232,1528.588,21.356,20.851,0.505,8471.412,0,0.000,0,4,48,0
1260,8114589267.485,8114589287.873,8114590847.168,1558.805,1579.683,20.878,20.388,0.490,8420.317,0,0.000,0,4,48,0
1261,8114598773.780,8114598795.739,8114600369.350,1573.121,1595.570,22.449,21.959,0.490,8404.430,0,0.000,0,4,48,0
1262,8114610926.792,8114610946.666,8114612506.177,1559.082,1579.385,20.303,19.874,0.429,8420.615,0,0.000,0,4,48,0
1263,8114617209.763,8114617230.840,8114621746.391,1583.226,4536.628,2953.402,21.077,2932.325,5463.372,0,0.000,1,4,48,0
1264,8114628549.245,8114628568.746,8114630159.066,1589.822,1609.821,19.999,19.501,0.498,8390.179,0,0.000,0,4,48,0
1265,8114638359.249,8114638382.194,8114639933.294,1550.279,1574.045,23.766,22.945,0.821,8425.955,0,0.000,0,4,48,0
1266,8114643402.127,8114643422.788,8114649341.843,1553.726,5939.716,4385.990,20.661,4365.329,4060.284,0,0.000,1,4,48,0
1267,8114652072.418,8114652088.691,8114658980.363,1517.266,6907.945,5390.679,16.273,5374.406,3092.055,0,0.000,1,4,48,0
1268,8114664735.578,8114664754.977,8114666313.203,1557.802,1577.625,19.823,19.399,0.424,8422.375,0,0.000,0,4,48,0
1269,8114670549.060,8114670570.736,8114675925.759,1613.554,5376.699,3763.145,21.676,3741.469,4623.301,0,0.000,1,4,48,0
1270,8114682389.381,8114682408.129,8114683963.710,1555.148,1574.329,19.181,18.748,0.433,8425.671,0,0.000,0,4,48,0
1271,8114696438.436,8114696457.674,8114697978.947,1520.858,1540.511,19.653,19.238,0.415,8459.489,0,0.000,0,4,48,0
1272,8114709833.385,8114709853.206,8114711408.689,1554.995,1575.304,20.309,19.821,0.488,8424.696,0,0.000,0,4,48,0
1273,8114723810.916,8114723830.768,8114725313.386,1482.218,1502.470,20.252,19.852,0.400,8497.530,0,0.000,0,4,48,0
1274,8114732917.174,8114732931.983,8114734449.157,1516.616,1531.983,15.367,14.809,0.558,8468.017,0,0.000,0,4,48,0
1275,8114740271.961,8114740301.144,8114743795.922,1562.549,3523.961,1961.412,29.183,1932.229,6476.039,0,0.000,1,4,48,0
1276,8114754201.585,8114754235.028,8114755797.860,1561.943,1596.275,34.332,33.443,0.889,8403.725,0,0.000,0,4,48,0
1277,8114762698.898,8114762716.120,8114764169.777,1453.001,1470.879,17.878,17.222,0.656,8529.121,0,0.000,0,4,48,0
1278,8114772793.869,8114772814.125,8114774333.776,1519.126,1539.907,20.781,20.256,0.525,8460.093,0,0.000,0,4,48,0
1279,8114780559.214,8114780578.972,8114782090.319,1510.722,1531.105,20.383,19.758,0.625,8468.895,0,0.000,0,4,48,0
1280,8114787261.636,8114787281.334,8114791434.079,1588.379,4172.443,2584.064,19.698,2564.366,5827.557,0,0.000,1,4,48,0
1281,8114801940.194,8114801960.288,8114803496.315,1535.500,1556.121,20.621,20.094,0.527,8443.879,0,0.000,0,4,48,0
1282,8114809687.573,8114809708.297,8114812210.018,1555.595,2522.445,966.850,20.724,946.126,7477.555,0,0.000,1,4,48,0
1283,8114818100.598,8114818116.986,8114819564.115,1446.618,1463.517,16.899,16.388,0.511,8536.483,0,0.000,0,4,48,0
1284,8114828284.474,8114828298.738,8114829881.286,1582.125,1596.812,14.687,14.264,0.423,8403.188,0,0.000,0,4,48,0
1285,8114837546.274,8114837567.815,8114839078.918,1510.709,1532.644,21.935,21.541,0.394,8467.356,0,0.000,0,4,48,0
1286,8114849227.917,8114849247.360,8114850762.767,1514.913,1534.850,19.937,19.443,0.494,8465.150,0,0.000,0,4,48,0
1287,8114857340.216,8114857354.136,8114858830.021,1475.404,1489.805,14.401,13.920,0.481,8510.195,0,0.000,0,4,48,0
1288,8114871899.804,8114871920.126,8114873407.006,1486.400,1507.202,20.802,20.322,0.480,8492.798,0,0.000,0,4,48,0
1289,8114881696.085,8114881716.361,8114883200.939,1483.997,1504.854,20.857,20.276,0.581,8495.146,0,0.000,0,4,48,0
1290,8114893650.215,8114893669.764,8114895199.517,1529.319,1549.302,19.983,19.549,0.434,8450.698,0,0.000,0,4,48,0
1291,8114900838.808,8114900854.228,8114904030.993,1521.369,3192.185,1670.816,15.420,1655.396,6807.815,0,0.000,1,4,48,0
1292,8114910376.171,8114910389.937,8114911833.151,1442.572,1456.980,14.408,13.766,0.642,8543.020,0,0.000,0,4,48,0
1293,8114924706.811,8114924726.395,8114926244.382,1517.564,1537.571,20.007,19.584,0.423,8462.429,0,0.000,0,4,48,0
1294,8114938858.060,8114938877.315,8114940429.350,1551.569,1571.290,19.721,19.255,0.466,8428.710,0,0.000,0,4,48,0
1295,8114950374.012,8114950387.697,8114951926.585,1538.495,1552.573,14.078,13.685,0.393,8447.427,0,0.000,0,4,48,0
1296,8114958134.828,8114958150.550,8114961048.966,1520.525,2914.138,1393.613,15.722,1377.891,7085.862,0,0.000,1,4,48,0
1297,8114967035.959,8114967050.564,8114968550.882,1499.920,1514.923,15.003,14.605,0.398,8485.077,0,0.000,0,4,48,0
1298,8114981200.333,8114981219.589,8114982764.702,1544.709,1564.369,19.660,19.256,0.404,8435.631,0,0.000,0,4,48,0
1299,8114991755.705,8114991770.120,8114993275.786,1505.266,1520.081,14.815,14.415,0.400,8479.919,0,0.000,0,4,48,0
1300,8114999897.440,8114999916.548,8115001424.042,1507.089,1526.602,19.513,19.108,0.405,8473.398,0,0.000,0,4,48,0
1301,8115007322.063,8115007336.809,8115010816.941,1578.265,3494.878,1916.613,14.746,1901.867,6505.122,0,0.000,1,4,48,0
1302,8115021697.966,8115021719.563,8115023277.914,1557.853,1579.948,22.095,21.597,0.498,8420.052,0,0.000,0,4,48,0
1303,8115027411.936,8115027426.429,8115032594.958,1466.708,5183.022,3716.314,14.493,3701.821,4816.978,0,0.000,1,4,48,0
1304,8115034291.935,8115034306.150,8115041740.356,1580.307,7448.421,5868.114,14.215,5853.899,2551.579,0,0.000,1,4,48,0
1305,8115049344.920,8115049365.080,8115050869.682,1503.686,1524.762,21.076,20.160,0.916,8475.238,0,0.000,0,4,48,0
1306,8115055408.740,8115055424.006,8115060379.024,1605.316,4970.284,3364.968,15.266,3349.702,5029.716,0,0.000,1,4,48,0
1307,8115067203.095,8115067225.500,8115068755.975,1529.951,1552.880,22.929,22.405,0.524,8447.120,0,0.000,0,4,48,0
1308,8115080044.404,8115080071.905,8115081636.588,1563.674,1592.184,28.510,27.501,1.009,8407.816,0,0.000,0,4,48,0
1309,8115085419.563,8115085439.153,8115091095.811,1595.721,5676.248,4080.527,19.590,4060.937,4323.752,0,0.000,1,4,48,0
1310,8115099981.693,8115100026.311,8115101590.199,1563.085,1608.506,45.421,44.618,0.803,8391.494,0,0.000,0,4,48,0
1311,8115110364.916,8115110386.755,8115111911.366,1524.125,1546.450,22.325,21.839,0.486,8453.550,0,0.000,0,4,48,0
1312,8115115428.705,8115115444.462,8115121446.916,1622.364,6018.211,4395.847,15.757,4380.090,3981.789,0,0.000,1,4,48,0
1313,8115122997.467,8115123028.375,8115130939.140,1540.298,7941.673,6401.375,30.908,6370.467,2058.327,0,0.000,1,4,48,0
1314,8115135688.205,8115135707.702,8115137165.336,1457.148,1477.131,19.983,19.497,0.486,8522.869,0,0.000,0,4,48,0
1315,8115145264.150,8115145284.559,8115146763.054,1477.987,1498.904,20.917,20.409,0.508,8501.096,0,0.000,0,4,48,0
1316,8115158492.065,8115158511.357,8115159984.752,1472.902,1492.687,19.785,19.292,0.493,8507.313,0,0.000,0,4,48,0
1317,8115171219.950,8115171238.935,8115172733.938,1494.602,1513.988,19.386,18.985,0.401,8486.012,0,0.000,0,4,48,0
1318,8115183702.470,8115183722.046,8115185214.346,1491.891,1511.876,19.985,19.576,0.409,8488.124,0,0.000,0,4,48,0
1319,8115189050.121,8115189063.936,8115194327.483,1543.260,5277.362,3734.102,13.815,3720.287,4722.638,0,0.000,1,4,48,0
1320,8115198565.690,8115198586.946,8115203782.473,1481.807,5216.783,3734.976,21.256,3713.720,4783.217,0,0.000,1,4,48,0
1321,8115210070.234,8115210091.145,8115211601.568,1509.999,1531.334,21.335,20.911,0.424,8468.666,0,0.000,0,4,48,0
1322,8115216326.584,8115216341.075,8115220963.464,1549.914,4636.880,3086.966,14.491,3072.475,5363.120,0,0.000,1,4,48,0
1323,8115223762.062,8115223775.917,8115230388.091,1522.571,6626.029,5103.458,13.855,5089.603,3373.971,0,0.000,1,4,48,0
1324,8115230532.697,8115230545.496,8115240191.197,1559.476,9658.500,8099.024,12.799,8086.225,341.500,0,0.000,1,4,48,0
1325,8115243873.078,8115243892.587,8115245426.112,1533.047,1553.034,19.987,19.509,0.478,8446.966,0,0.000,0,4,48,0
1326,8115256283.114,8115256302.301,8115257826.756,1524.021,1543.642,19.621,19.187,0.434,8456.358,0,0.000,0,4,48,0
1327,8115263163.401,8115263178.001,8115267026.279,1561.615,3862.878,2301.263,14.600,2286.663,6137.122,0,0.000,1,4,48,0
1328,8115276772.387,8115276792.486,8115278293.646,1500.752,1521.259,20.507,20.099,0.408,8478.741,0,0.000,0,4,48,0
1329,8115284370.560,8115284387.622,8115287689.702,1526.269,3319.142,1792.873,17.062,1775.811,6680.858,0,0.000,1,4,48,0
1330,8115290756.875,8115290770.685,8115297098.699,1550.397,6341.824,4791.427,13.810,4777.617,3658.176,0,0.000,1,4,48,0
1331,8115298435.055,8115298449.438,8115306799.955,1476.787,8364.900,6888.113,14.383,6873.730,1635.100,0,0.000,1,4,48,0
1332,8115308532.432,8115308546.162,8115310102.965,1556.328,1570.533,14.205,13.730,0.475,8429.467,0,0.000,0,4,48,0
1333,8115317671.981,8115317690.552,8115319269.460,1578.438,1597.479,19.041,18.571,0.470,8402.521,0,0.000,0,4,48,0
1334,8115324884.303,8115324899.634,8115328120.047,1544.108,3235.744,1691.636,15.331,1676.305,6764.256,0,0.000,1,4,48,0
1335,8115332281.563,8115332296.012,8115337688.560,1487.704,5406.997,3919.293,14.449,3904.844,4593.003,0,0.000,1,4,48,0
1336,8115344386.882,8115344408.274,8115346023.692,1614.770,1636.810,22.040,21.392,0.648,8363.190,0,0.000,0,4,48,0
1337,8115353072.673,8115353086.418,8115354612.918,1526.093,1540.245,14.152,13.745,0.407,8459.755,0,0.000,0,4,48,0
1338,8115366176.994,8115366197.960,8115367696.390,1497.866,1519.396,21.530,20.966,0.564,8480.604,0,0.000,0,4,48,0
1339,8115375126.019,8115375147.245,8115376660.658,1512.953,1534.639,21.686,21.226,0.460,8465.361,0,0.000,0,4,48,0
1340,8115390128.505,8115390151.020,8115391619.447,1467.855,1490.942,23.087,22.515,0.572,8509.058,0,0.000,0,4,48,0
1341,8115400894.986,8115400912.761,8115402456.956,1543.532,1561.970,18.438,17.775,0.663,8438.030,0,0.000,0,4,48,0
1342,8115413249.163,8115413270.287,8115414844.613,1573.795,1595.450,21.655,21.124,0.531,8404.550,0,0.000,0,4,48,0
1343,8115426849.271,8115426869.408,8115428529.713,1659.863,1680.442,20.579,20.137,0.442,8319.558,0,0.000,0,4,48,0
1344,8115433381.657,8115433398.043,8115437782.098,1530.449,4400.441,2869.992,16.386,2853.606,5599.559,0,0.000,1,4,48,0
1345,8115444562.631,8115444581.852,8115446198.405,1616.128,1635.774,19.646,19.221,0.425,8364.226,0,0.000,0,4,48,0
1346,8115451990.228,8115452011.606,8115455120.403,1542.167,3130.175,1588.008,21.378,1566.630,6869.825,0,0.000,1,4,48,0
1347,8115459210.900,8115459225.751,8115464586.439,1532.086,5375.539,3843.453,14.851,3828.602,4624.461,0,0.000,1,4,48,0
1348,8115464398.151,8115464590.988,8115474738.088,1577.996,10339.937,8761.941,192.837,8569.104,-339.937,1,339.937,1,4,48,0
1349,8115469743.570,8115474742.570,8115476283.627,1540.666,6540.057,4999.391,4999.000,0.391,3459.943,0,0.000,0,4,48,0
1350,8115479637.950,8115479659.354,8115485716.883,1478.881,6078.933,4600.052,21.404,4578.648,3921.067,0,0.000,1,4,48,0
1351,8115485566.245,8115485720.931,8115494817.445,1527.583,9251.200,7723.617,154.686,7568.931,748.800,0,0.000,1,4,48,0
1352,8115500329.261,8115500349.760,8115501889.426,1539.105,1560.165,21.060,20.499,0.561,8439.835,0,0.000,0,4,48,0
1353,8115509528.157,8115509545.122,8115511118.895,1573.235,1590.738,17.503,16.965,0.538,8409.262,0,0.000,0,4,48,0
1354,8115517149.335,8115517166.361,8115520247.677,1551.367,3098.342,1546.975,17.026,1529.949,6901.658,0,0.000,1,4,48,0
1355,8115528898.255,8115528917.279,8115530452.544,1534.832,1554.289,19.457,19.024,0.433,8445.711,0,0.000,0,4,48,0
1356,8115539158.525,8115539179.725,8115540752.963,1572.688,1594.438,21.750,21.200,0.550,8405.562,0,0.000,0,4,48,0
1357,8115544760.717,8115544781.827,8115549428.914,1484.593,4668.197,3183.604,21.110,3162.494,5331.803,0,0.000,1,4,48,0
1358,8115557708.166,8115557721.973,8115559248.759,1526.364,1540.593,14.229,13.807,0.422,8459.407,0,0.000,0,4,48,0
1359,8115571158.554,8115571193.469,8115572614.498,1420.535,1455.944,35.409,34.915,0.494,8544.056,0,0.000,0,4,48,0
1360,8115581845.663,8115581876.520,8115583438.315,1560.847,1592.652,31.805,30.857,0.948,8407.348,0,0.000,0,4,48,0
1361,8115589447.490,8115589468.203,8115592873.931,1555.956,3426.441,1870.485,20.713,1849.772,6573.559,0,0.000,1,4,48,0
1362,8115599882.859,8115599899.055,8115601502.961,1603.431,1620.102,16.671,16.196,0.475,8379.898,0,0.000,0,4,48,0
1363,8115608718.736,8115608738.262,8115610304.537,1565.782,1585.801,20.019,19.526,0.493,8414.199,0,0.000,0,4,48,0
1364,8115615962.805,8115615981.279,8115619243.391,1537.694,3280.586,1742.892,18.474,1724.418,6719.414,0,0.000,1,4,48,0
1365,8115622042.714,8115622059.905,8115629370.378,1573.319,7327.664,5754.345,17.191,5737.154,2672.336,0,0.000,1,4,48,0
1366,8115629821.789,8115629834.266,8115638746.354,1515.168,8924.565,7409.397,12.477,7396.920,1075.435,0,0.000,1,4,48,0
1367,8115636017.511,8115638751.289,8115640333.971,1582.230,4316.460,2734.230,2733.778,0.452,5683.540,0,0.000,0,4,48,0
1368,8115649882.596,8115649901.755,8115651460.908,1558.737,1578.312,19.575,19.159,0.416,8421.688,0,0.000,0,4,48,0
1369,8115658361.504,8115658380.916,8115659916.564,1535.188,1555.060,19.872,19.412,0.460,8444.940,0,0.000,0,4,48,0
1370,8115666158.829,8115666179.809,8115667748.034,1567.761,1589.205,21.444,20.980,0.464,8410.795,0,0.000,0,4,48,0
1371,8115679906.307,8115679925.680,8115681458.430,1532.340,1552.123,19.783,19.373,0.410,8447.877,0,0.000,0,4,48,0
1372,8115685730.200,8115685749.111,8115690201.681,1541.598,4471.481,2929.883,18.911,2910.972,5528.519,0,0.000,1,4,48,0
1373,8115696027.782,8115696054.054,8115697529.073,1474.474,1501.291,26.817,26.272,0.545,8498.709,0,0.000,0,4,48,0
1374,8115709857.563,8115709878.279,8115711434.699,1555.990,1577.136,21.146,20.716,0.430,8422.864,0,0.000,0,4,48,0
1375,8115718364.121,8115718384.674,8115719907.255,1522.042,1543.134,21.092,20.553,0.539,8456.866,0,0.000,0,4,48,0
1376,8115727985.089,8115728010.088,8115729567.600,1557.044,1582.511,25.467,24.999,0.468,8417.489,0,0.000,0,4,48,0
1377,8115736781.021,8115736794.848,8115738308.405,1512.924,1527.384,14.460,13.827,0.633,8472.616,0,0.000,0,4,48,0
1378,8115747396.337,8115747419.501,8115748941.735,1521.628,1545.398,23.770,23.164,0.606,8454.602,0,0.000,0,4,48,0
1379,8115756873.184,8115756887.622,8115758387.706,1499.525,1514.522,14.997,14.438,0.559,8485.478,0,0.000,0,4,48,0
1380,8115771542.704,8115771565.357,8115773118.465,1552.421,1575.761,23.340,22.653,0.687,8424.239,0,0.000,0,4,48,0
1381,8115779118.828,8115779134.107,8115782213.095,1532.011,3094.267,1562.256,15.279,1546.977,6905.733,0,0.000,1,4,48,0
1382,8115788050.065,8115788065.722,8115789557.189,1491.006,1507.124,16.118,15.657,0.461,8492.876,0,0.000,0,4,48,0
1383,8115795808.154,8115795822.651,8115797454.797,1631.635,1646.643,15.008,14.497,0.511,8353.357,0,0.000,0,4,48,0
1384,8115806860.221,8115806880.369,8115808417.648,1536.745,1557.427,20.682,20.148,0.534,8442.573,0,0.000,0,4,48,0
1385,8115815196.293,8115815211.467,8115816792.377,1580.436,1596.084,15.648,15.174,0.474,8403.916,0,0.000,0,4,48,0
1386,8115827759.665,8115827779.762,8115829401.600,1621.369,1641.935,20.566,20.097,0.469,8358.065,0,0.000,0,4,48,0
1387,8115842352.229,8115842375.310,8115843845.383,1469.478,1493.154,23.676,23.081,0.595,8506.846,0,0.000,0,4,48,0
1388,8115855150.964,8115855175.126,8115856604.241,1428.417,1453.277,24.860,24.162,0.698,8546.723,0,0.000,0,4,48,0
1389,8115868196.219,8115868224.211,8115869689.834,1464.738,1493.615,28.877,27.992,0.885,8506.385,0,0.000,0,4,48,0
1390,8115882870.242,8115882900.249,8115884483.297,1582.111,1613.055,30.944,30.007,0.937,8386.945,0,0.000,0,4,48,0
1391,8115895874.776,8115895895.554,8115897441.372,1545.222,1566.596,21.374,20.778,0.596,8433.404,0,0.000,0,4,48,0
1392,8115908418.948,8115908441.725,8115909969.143,1526.813,1550.195,23.382,22.777,0.605,8449.805,0,0.000,0,4,48,0
1393,8115920051.299,8115920073.603,8115921639.320,1565.243,1588.021,22.778,22.304,0.474,8411.979,0,0.000,0,4,48,0
1394,8115926578.251,8115926600.676,8115931192.429,1535.269,4614.178,3078.909,22.425,3056.484,5385.822,0,0.000,1,4,48,0
1395,8115934056.136,8115934078.336,8115940714.149,1566.089,6658.013,5091.924,22.200,5069.724,3341.987,0,0.000,1,4,48,0
1396,8115945568.508,8115945588.087,8115947220.025,1631.433,1651.517,20.084,19.579,0.505,8348.483,0,0.000,0,4,48,0
1397,8115952653.111,8115952667.767,8115956756.640,1517.522,4103.529,2586.007,14.656,2571.351,5896.471,0,0.000,1,4,48,0
1398,8115960314.545,8115960335.234,8115965584.151,1485.916,5269.606,3783.690,20.689,3763.001,4730.394,0,0.000,1,4,48,0
1399,8115966817.193,8115966838.271,8115975593.692,1558.627,8776.499,7217.872,21.078,7196.794,1223.501,0,0.000,1,4,48,0
1400,8115976215.199,8115976237.225,8115977834.394,1596.599,1619.195,22.596,22.026,0.570,8380.805,0,0.000,0,4,48,0
1401,8115989069.745,8115989092.241,8115990669.244,1576.434,1599.499,23.065,22.496,0.569,8400.501,0,0.000,0,4,48,0
1402,8116000802.680,8116000822.552,8116002457.371,1634.295,1654.691,20.396,19.872,0.524,8345.309,0,0.000,0,4,48,0
1403,8116009672.992,8116009687.417,8116011269.693,1581.789,1596.701,14.912,14.425,0.487,8403.299,0,0.000,0,4,48,0
1404,8116021600.113,8116021619.924,8116023206.267,1585.867,1606.154,20.287,19.811,0.476,8393.846,0,0.000,0,4,48,0
1405,8116034542.965,8116034563.346,8116036126.017,1562.054,1583.052,20.998,20.381,0.617,8416.948,0,0.000,0,4,48,0
1406,8116043836.701,8116043861.747,8116045404.518,1541.814,1567.817,26.003,25.046,0.957,8432.183,0,0.000,0,4,48,0
1407,8116048867.876,8116048883.374,8116054323.228,1596.148,5455.352,3859.204,15.498,3843.706,4544.648,0,0.000,1,4,48,0
1408,8116058364.302,8116058385.995,8116063852.315,1509.606,5488.013,3978.407,21.693,3956.714,4511.987,0,0.000,1,4,48,0
1409,8116064390.234,8116064409.725,8116073849.964,1566.897,9459.730,7892.833,19.491,7873.342,540.270,0,0.000,1,4,48,0
1410,8116074940.938,8116074954.647,8116076505.095,1550.043,1564.157,14.114,13.709,0.405,8435.843,0,0.000,0,4,48,0
1411,8116088548.813,8116088570.270,8116090105.672,1534.761,1556.859,22.098,21.457,0.641,8443.141,0,0.000,0,4,48,0
1412,8116097089.654,8116097104.165,8116098624.311,1519.722,1534.657,14.935,14.511,0.424,8465.343,0,0.000,0,4,48,0
1413,8116104948.021,8116104968.133,8116106543.683,1575.125,1595.662,20.537,20.112,0.425,8404.338,0,0.000,0,4,48,0
1414,8116117345.181,8116117367.508,8116118870.601,1502.595,1525.420,22.825,22.327,0.498,8474.580,0,0.000,0,4,48,0
1415,8116127528.768,8116127548.208,8116129183.362,1634.629,1654.594,19.965,19.440,0.525,8345.406,0,0.000,0,4,48,0
1416,8116139594.408,8116139615.971,8116141110.563,1493.946,1516.155,22.209,21.563,0.646,8483.845,0,0.000,0,4,48,0
1417,8116152065.782,8116152085.481,8116153610.845,1524.867,1545.063,20.196,19.699,0.497,8454.937,0,0.000,0,4,48,0
1418,8116162432.748,8116162446.510,8116163973.540,1526.608,1540.792,14.184,13.762,0.422,8459.208,0,0.000,0,4,48,0
1419,8116168810.441,8116168825.582,8116172831.665,1570.685,4021.224,2450.539,15.141,2435.398,5978.776,0,0.000,1,4,48,0
1420,8116179590.660,8116179613.198,8116181271.369,1657.637,1680.709,23.072,22.538,0.534,8319.291,0,0.000,0,4,48,0
1421,8116185733.987,8116185748.709,8116189874.848,1531.079,4140.861,2609.782,14.722,2595.060,5859.139,0,0.000,1,4,48,0
1422,8116194983.514,8116194997.965,8116200216.942,1623.868,5233.428,3609.560,14.451,3595.109,4766.572,0,0.000,1,4,48,0
1423,8116200926.966,8116200942.744,8116209608.213,1522.262,8681.247,7158.985,15.778,7143.207,1318.753,0,0.000,1,4,48,0
1424,8116212911.915,8116212930.981,8116214559.824,1628.307,1647.909,19.602,19.066,0.536,8352.091,0,0.000,0,4,48,0
1425,8116222378.848,8116222392.778,8116223891.939,1498.764,1513.091,14.327,13.930,0.397,8486.909,0,0.000,0,4,48,0
1426,8116234087.024,8116234107.817,8116235610.259,1501.985,1523.235,21.250,20.793,0.457,8476.765,0,0.000,0,4,48,0
1427,8116246651.481,8116246672.386,8116248086.349,1413.539,1434.868,21.329,20.905,0.424,8565.132,0,0.000,0,4,48,0
1428,8116257454.356,8116257473.146,8116258989.298,1515.694,1534.942,19.248,18.790,0.458,8465.058,0,0.000,0,4,48,0
1429,8116270214.084,8116270233.384,8116271736.100,1502.288,1522.016,19.728,19.300,0.428,8477.984,0,0.000,0,4,48,0
1430,8116282388.314,8116282407.689,8116283953.774,1545.667,1565.460,19.793,19.375,0.418,8434.540,0,0.000,0,4,48,0
1431,8116288096.298,8116288113.565,8116293046.656,1532.782,4950.358,3417.576,17.267,3400.309,5049.642,0,0.000,1,4,48,0
1432,8116301445.636,8116301465.390,8116303068.583,1602.654,1622.947,20.293,19.754,0.539,8377.053,0,0.000,0,4,48,0
1433,8116314111.493,8116314133.489,8116315611.021,1477.024,1499.528,22.504,21.996,0.508,8500.472,0,0.000,0,4,48,0
1434,8116324678.302,8116324693.263,8116326209.143,1515.455,1530.841,15.386,14.961,0.425,8469.159,0,0.000,0,4,48,0
1435,8116331200.106,8116331219.014,8116335419.051,1518.654,4218.945,2700.291,18.908,2681.383,5781.055,0,0.000,1,4,48,0
1436,8116339791.055,8116339811.359,8116344962.362,1469.622,5171.307,3701.685,20.304,3681.381,4828.693,0,0.000,1,4,48,0
1437,8116347013.627,8116347032.334,8116354698.463,1533.466,7684.836,6151.370,18.707,6132.663,2315.164,0,0.000,1,4,48,0
1438,8116358368.847,8116358389.366,8116360028.397,1638.376,1659.550,21.174,20.519,0.655,8340.450,0,0.000,0,4,48,0
1439,8116364896.637,8116364914.881,8116368845.204,1557.336,3948.567,2391.231,18.244,2372.987,6051.433,0,0.000,1,4,48,0
1440,8116375479.168,8116375500.059,8116376966.814,1466.280,1487.646,21.366,20.891,0.475,8512.354,0,0.000,0,4,48,0
1441,8116380506.964,8116380521.455,8116385600.230,1595.077,5093.266,3498.189,14.491,3483.698,4906.734,0,0.000,1,4,48,0
1442,8116393389.266,8116393409.363,8116394985.713,1575.928,1596.447,20.519,20.097,0.422,8403.553,0,0.000,0,4,48,0
1443,8116399956.978,8116399971.698,8116403885.102,1520.550,3928.124,2407.574,14.720,2392.854,6071.876,0,0.000,1,4,48,0
1444,8116405802.845,8116405817.100,8116413777.306,1565.660,7974.461,6408.801,14.255,6394.546,2025.539,0,0.000,1,4,48,0
1445,8116411909.319,8116413781.622,8116423408.012,1601.618,11498.693,9897.075,1872.303,8024.772,-1498.693,1,1498.693,1,4,48,0
1446,8116417156.078,8116423422.954,8116424956.959,1533.596,7800.881,6267.285,6266.876,0.409,2199.119,0,0.000,0,4,48,0
1447,8116431317.931,8116431336.995,8116434244.269,1515.246,2926.338,1411.092,19.064,1392.028,7073.662,0,0.000,1,4,48,0
1448,8116440831.456,8116440848.372,8116442464.238,1615.399,1632.782,17.383,16.916,0.467,8367.218,0,0.000,0,4,48,0
1449,8116451612.513,8116451631.407,8116453289.494,1657.679,1676.981,19.302,18.894,0.408,8323.019,0,0.000,0,4,48,0
1450,8116463961.984,8116463980.966,8116465519.452,1538.073,1557.468,19.395,18.982,0.413,8442.532,0,0.000,0,4,48,0
1451,8116470037.311,8116470051.848,8116474529.544,1512.596,4492.233,2979.637,14.537,2965.100,5507.767,0,0.000,1,4,48,0
1452,8116477182.487,8116477196.016,8116483978.130,1555.851,6795.643,5239.792,13.529,5226.263,3204.357,0,0.000,1,4,48,0
1453,8116486225.114,8116486241.663,8116493981.360,1460.977,7756.246,6295.269,16.549,6278.720,2243.754,0,0.000,1,4,48,0
1454,8116491747.849,8116493985.879,8116495514.673,1528.365,3766.824,2238.459,2238.030,0.429,6233.176,0,0.000,0,4,48,0
1455,8116505515.964,8116505537.513,8116507039.019,1501.096,1523.055,21.959,21.549,0.410,8476.945,0,0.000,0,4,48,0
1456,8116520516.981,8116520536.879,8116522084.792,1547.427,1567.811,20.384,19.898,0.486,8432.189,0,0.000,0,4,48,0
1457,8116531678.309,8116531698.399,8116533194.303,1495.433,1515.994,20.561,20.090,0.471,8484.006,0,0.000,0,4,48,0
1458,8116545409.660,8116545429.215,8116546905.162,1475.535,1495.502,19.967,19.555,0.412,8504.498,0,0.000,0,4,48,0
1459,8116552999.170,8116553025.606,8116555979.932,1539.922,2980.762,1440.840,26.436,1414.404,7019.238,0,0.000,1,4,48,0
1460,8116565192.706,8116565213.576,8116566748.481,1534.343,1555.775,21.432,20.870,0.562,8444.225,0,0.000,0,4,48,0
1461,8116578443.342,8116578463.841,8116580013.691,1549.265,1570.349,21.084,20.499,0.585,8429.651,0,0.000,0,4,48,0
1462,8116584695.471,8116584715.453,8116588723.034,1559.426,4027.563,2468.137,19.982,2448.155,5972.437,0,0.000,1,4,48,0
1463,8116590673.016,8116590690.509,8116598731.658,1577.835,8058.642,6480.807,17.493,6463.314,1941.358,0,0.000,1,4,48,0
1464,8116597679.565,8116598736.155,8116608748.747,1562.922,11069.182,9506.260,1056.590,8449.670,-1069.182,1,1069.182,1,4,48,0
1465,8116607187.075,8116608753.795,8116610257.027,1502.847,3069.952,1567.105,1566.720,0.385,6930.048,0,0.000,0,4,48,0
1466,8116617039.010,8116617053.822,8116618979.883,1479.005,1940.873,461.868,14.812,447.056,8059.127,0,0.000,1,4,48,0
1467,8116623904.232,8116623924.561,8116628806.900,1420.264,4902.668,3482.404,20.329,3462.075,5097.332,0,0.000,1,4,48,0
1468,8116634139.201,8116634159.672,8116635729.191,1568.931,1589.990,21.059,20.471,0.588,8410.010,0,0.000,0,4,48,0
1469,8116639954.670,8116639970.685,8116644533.346,1420.172,4578.676,3158.504,16.015,3142.489,5421.324,0,0.000,1,4,48,0
1470,8116647518.944,8116647540.705,8116654260.827,1573.931,6741.883,5167.952,21.761,5146.191,3258.117,0,0.000,1,4,48,0
1471,8116661263.718,8116661282.748,8116662755.039,1471.877,1491.321,19.444,19.030,0.414,8508.679,0,0.000,0,4,48,0
1472,8116674216.722,8116674235.605,8116675662.719,1426.693,1445.997,19.304,18.883,0.421,8554.003,0,0.000,0,4,48,0
1473,8116684597.676,8116684611.412,8116686174.683,1562.865,1577.007,14.142,13.736,0.406,8422.993,0,0.000,0,4,48,0
1474,8116695259.689,8116695280.584,8116696792.958,1511.962,1533.269,21.307,20.895,0.412,8466.731,0,0.000,0,4,48,0
1475,8116702903.857,8116702926.938,8116705706.696,1516.901,2802.839,1285.938,23.081,1262.857,7197.161,0,0.000,1,4,48,0
1476,8116711481.159,8116711496.000,8116713014.400,1517.652,1533.241,15.589,14.841,0.748,8466.759,0,0.000,0,4,48,0
1477,8116718891.311,8116718911.832,8116721943.503,1547.988,3052.192,1504.204,20.521,1483.683,6947.808,0,0.000,1,4,48,0
1478,8116730618.395,8116730637.531,8116732232.521,1594.525,1614.126,19.601,19.136,0.465,8385.874,0,0.000,0,4,48,0
1479,8116744411.600,8116744440.997,8116745942.143,1500.138,1530.543,30.405,29.397,1.008,8469.457,0,0.000,0,4,48,0
1480,8116753678.841,8116753694.482,8116755214.384,1519.311,1535.543,16.232,15.641,0.591,8464.457,0,0.000,0,4,48,0
1481,8116765095.884,8116765117.557,8116766613.699,1495.605,1517.815,22.210,21.673,0.537,8482.185,0,0.000,0,4,48,0
1482,8116771316.477,8116771336.418,8116775916.425,1476.238,4599.948,3123.710,19.941,3103.769,5400.052,0,0.000,1,4,48,0
1483,8116783394.571,8116783413.931,8116784895.741,1481.382,1501.170,19.788,19.360,0.428,8498.830,0,0.000,0,4,48,0
1484,8116796091.398,8116796110.807,8116797692.968,1581.729,1601.570,19.841,19.409,0.432,8398.430,0,0.000,0,4,48,0
1485,8116806009.186,8116806039.745,8116807601.885,1561.728,1592.699,30.971,30.559,0.412,8407.301,0,0.000,0,4,48,0
1486,8116821117.923,8116821137.286,8116822742.171,1604.379,1624.248,19.869,19.363,0.506,8375.752,0,0.000,0,4,48,0
1487,8116834164.037,8116834184.804,8116835647.726,1462.489,1483.689,21.200,20.767,0.433,8516.311,0,0.000,0,4,48,0
1488,8116848683.669,8116848703.481,8116850257.427,1553.531,1573.758,20.227,19.812,0.415,8426.242,0,0.000,0,4,48,0
1489,8116856430.570,8116856445.324,8116859666.989,1533.175,3236.419,1703.244,14.754,1688.490,6763.581,0,0.000,1,4,48,0
1490,8116869091.610,8116869110.769,8116870567.835,1456.669,1476.225,19.556,19.159,0.397,8523.775,0,0.000,0,4,48,0
1491,8116879711.369,8116879731.631,8116881295.334,1563.282,1583.965,20.683,20.262,0.421,8416.035,0,0.000,0,4,48,0
1492,8116892101.095,8116892122.188,8116893729.061,1606.463,1627.966,21.503,21.093,0.410,8372.034,0,0.000,0,4,48,0
1493,8116899555.417,8116899574.677,8116903214.599,1535.320,3659.182,2123.862,19.260,2104.602,6340.818,0,0.000,1,4,48,0
1494,8116905435.199,8116905449.417,8116912118.023,1491.545,6682.824,5191.279,14.218,5177.061,3317.176,0,0.000,1,4,48,0
1495,8116919615.903,8116919635.140,8116921236.740,1601.041,1620.837,19.796,19.237,0.559,8379.163,0,0.000,0,4,48,0
1496,8116926612.953,8116926633.388,8116930833.871,1580.464,4220.918,2640.454,20.435,2620.019,5779.082,0,0.000,1,4,48,0
1497,8116935617.565,8116935638.742,8116939826.728,1568.603,4209.163,2640.560,21.177,2619.383,5790.837,0,0.000,1,4,48,0
1498,8116947673.521,8116947696.441,8116949318.811,1621.892,1645.290,23.398,22.920,0.478,8354.710,0,0.000,0,4,48,0
1499,8116955622.435,8116955642.952,8116958857.574,1537.833,3235.139,1697.306,20.517,1676.789,6764.861,0,0.000,1,4,48,0
1500,8116968920.380,8116968939.697,8116970431.971,1491.865,1511.591,19.726,19.317,0.409,8488.409,0,0.000,0,4,48,0
1501,8116981289.598,8116981309.646,8116982785.456,1475.342,1495.858,20.516,20.048,0.468,8504.142,0,0.000,0,4,48,0
1502,8116993017.854,8116993037.166,8116994595.703,1558.137,1577.849,19.712,19.312,0.400,8422.151,0,0.000,0,4,48,0
1503,8117005261.844,8117005280.998,8117006821.971,1540.562,1560.127,19.565,19.154,0.411,8439.873,0,0.000,0,4,48,0
1504,8117014268.862,8117014288.370,8117015916.555,1627.698,1647.693,19.995,19.508,0.487,8352.307,0,0.000,0,4,48,0
1505,8117028342.305,8117028361.586,8117030052.150,1690.037,1709.845,19.808,19.281,0.527,8290.155,0,0.000,0,4,48,0
1506,8117034799.610,8117034816.146,8117038721.643,1558.898,3922.033,2363.135,16.536,2346.599,6077.967,0,0.000,1,4,48,0
1507,8117049201.244,8117049229.094,8117050679.577,1449.601,1478.333,28.732,27.850,0.882,8521.667,0,0.000,0,4,48,0
1508,8117054305.446,8117054324.625,8117060040.069,1494.777,5734.623,4239.846,19.179,4220.667,4265.377,0,0.000,1,4,48,0
1509,8117060256.377,8117060270.451,8117069218.178,1542.367,8961.801,7419.434,14.074,7405.360,1038.199,0,0.000,1,4,48,0
1510,8117065763.135,8117069236.303,8117079220.040,1504.997,13456.905,11951.908,3473.168,8478.740,-3456.905,1,3456.905,1,4,48,0
1511,8117076418.222,8117079225.046,8117080792.294,1566.844,4374.072,2807.228,2806.824,0.404,5625.928,0,0.000,0,4,48,0
1512,8117090427.133,8117090446.451,8117091987.628,1540.766,1560.495,19.729,19.318,0.411,8439.505,0,0.000,0,4,48,0
1513,8117105089.762,8117105109.302,8117106578.219,1468.417,1488.457,20.040,19.540,0.500,8511.543,0,0.000,0,4,48,0
1514,8117114699.764,8117114720.540,8117116267.286,1546.329,1567.522,21.193,20.776,0.417,8432.478,0,0.000,0,4,48,0
1515,8117127566.723,8117127589.715,8117129087.625,1497.397,1520.902,23.505,22.992,0.513,8479.098,0,0.000,0,4,48,0
1516,8117137189.756,8117137207.324,8117138694.116,1486.252,1504.360,18.108,17.568,0.540,8495.640,0,0.000,0,4,48,0
1517,8117146573.744,8117146587.457,8117148222.942,1634.978,1649.198,14.220,13.713,0.507,8350.802,0,0.000,0,4,48,0
1518,8117153046.068,8117153059.734,8117157190.657,1555.192,4144.589,2589.397,13.666,2575.731,5855.411,0,0.000,1,4,48,0
1519,8117158802.976,8117158817.521,8117166953.667,1558.709,8150.691,6591.982,14.545,6577.437,1849.309,0,0.000,1,4,48,0
1520,8117166510.894,8117166958.243,8117176588.940,1630.070,10078.046,8447.976,447.349,8000.627,-78.046,1,78.046,1,4,48,0
1521,8117174009.609,8117176601.058,8117178096.196,1494.740,4086.587,2591.847,2591.449,0.398,5913.413,0,0.000,0,4,48,0
1522,8117183406.673,8117183427.267,8117187571.169,1568.577,4164.496,2595.919,20.594,2575.325,5835.504,0,0.000,1,4,48,0
1523,8117197842.825,8117197862.254,8117199393.116,1530.438,1550.291,19.853,19.429,0.424,8449.709,0,0.000,0,4,48,0
1524,8117209741.407,8117209760.567,8117211298.539,1537.478,1557.132,19.654,19.160,0.494,8442.868,0,0.000,0,4,48,0
1525,8117223401.321,8117223420.436,8117224975.741,1554.911,1574.420,19.509,19.115,0.394,8425.580,0,0.000,0,4,48,0
1526,8117231199.544,8117231218.348,8117234133.540,1510.332,2933.996,1423.664,18.804,1404.860,7066.004,0,0.000,1,4,48,0
1527,8117236372.383,8117236392.268,8117243486.150,1673.392,7113.767,5440.375,19.885,5420.490,2886.233,0,0.000,1,4,48,0
1528,8117245346.300,8117245368.382,8117253417.533,1481.277,8071.233,6589.956,22.082,6567.874,1928.767,0,0.000,1,4,48,0
1529,8117259210.269,8117259231.696,8117260756.055,1523.906,1545.786,21.880,21.427,0.453,8454.214,0,0.000,0,4,48,0
1530,8117271190.510,8117271209.582,8117272755.360,1545.331,1564.850,19.519,19.072,0.447,8435.150,0,0.000,0,4,48,0
1531,8117281195.581,8117281209.748,8117282763.430,1553.279,1567.849,14.570,14.167,0.403,8432.151,0,0.000,0,4,48,0
1532,8117289251.131,8117289266.122,8117290777.818,1511.288,1526.687,15.399,14.991,0.408,8473.313,0,0.000,0,4,48,0
1533,8117295248.204,8117295270.800,8117300031.001,1506.823,4782.797,3275.974,22.596,3253.378,5217.203,0,0.000,1,4,48,0
1534,8117309272.999,8117309291.638,8117310792.625,1500.565,1519.626,19.061,18.639,0.422,8480.374,0,0.000,0,4,48,0
1535,8117316698.773,8117316718.379,8117319459.481,1464.537,2760.708,1296.171,19.606,1276.565,7239.292,0,0.000,1,4,48,0
1536,8117325974.560,8117325988.421,8117327553.741,1564.892,1579.181,14.289,13.861,0.428,8420.819,0,0.000,0,4,48,0
1537,8117337289.737,8117337309.237,8117338821.622,1511.934,1531.885,19.951,19.500,0.451,8468.115,0,0.000,0,4,48,0
1538,8117345676.522,8117345690.195,8117347164.643,1473.959,1488.121,14.162,13.673,0.489,8511.879,0,0.000,0,4,48,0
1539,8117355246.579,8117355264.765,8117356785.760,1520.573,1539.181,18.608,18.186,0.422,8460.819,0,0.000,0,4,48,0
1540,8117369790.222,8117369809.509,8117371438.583,1628.663,1648.361,19.698,19.287,0.411,8351.639,0,0.000,0,4,48,0
1541,8117380778.226,8117380799.782,8117382358.568,1558.390,1580.342,21.952,21.556,0.396,8419.658,0,0.000,0,4,48,0
1542,8117395604.825,8117395624.199,8117397129.253,1504.610,1524.428,19.818,19.374,0.444,8475.572,0,0.000,0,4,48,0
1543,8117404963.801,8117404977.773,8117406579.719,1601.552,1615.918,14.366,13.972,0.394,8384.082,0,0.000,0,4,48,0
1544,8117413210.458,8117413227.729,8117414743.789,1515.641,1533.331,17.690,17.271,0.419,8466.669,0,0.000,0,4,48,0
1545,8117423808.551,8117423828.791,8117425376.244,1546.873,1567.693,20.820,20.240,0.580,8432.307,0,0.000,0,4,48,0
1546,8117437333.175,8117437352.539,8117438915.943,1562.892,1582.768,19.876,19.364,0.512,8417.232,0,0.000,0,4,48,0
1547,8117449691.729,8117449714.207,8117451253.507,1538.751,1561.778,23.027,22.478,0.549,8438.222,0,0.000,0,4,48,0
1548,8117460607.189,8117460626.357,8117462137.748,1510.908,1530.559,19.651,19.168,0.483,8469.441,0,0.000,0,4,48,0
1549,8117473315.664,8117473334.585,8117474862.093,1527.106,1546.429,19.323,18.921,0.402,8453.571,0,0.000,0,4,48,0
1550,8117482342.591,8117482359.378,8117483888.618,1528.826,1546.027,17.201,16.787,0.414,8453.973,0,0.000,0,4,48,0
1551,8117494809.240,8117494828.832,8117496400.027,1570.723,1590.787,20.064,19.592,0.472,8409.213,0,0.000,0,4,48,0
1552,8117505233.587,8117505252.219,8117506810.530,1557.904,1576.943,19.039,18.632,0.407,8423.057,0,0.000,0,4,48,0
1553,8117514146.811,8117514166.143,8117515705.329,1538.776,1558.518,19.742,19.332,0.410,8441.482,0,0.000,0,4,48,0
1554,8117520223.595,8117520237.500,8117524942.315,1555.782,4718.720,3162.938,13.905,3149.033,5281.280,0,0.000,1,4,48,0
1555,8117534273.056,8117534303.942,8117535889.231,1584.317,1616.175,31.858,30.886,0.972,8383.825,0,0.000,0,4,48,0
1556,8117541772.180,8117541788.418,8117544614.528,1548.681,2842.348,1293.667,16.238,1277.429,7157.652,0,0.000,1,4,48,0
1557,8117548631.813,8117548647.557,8117554484.826,1559.016,5853.013,4293.997,15.744,4278.253,4146.987,0,0.000,1,4,48,0
1558,8117561665.457,8117561685.084,8117563227.769,1542.233,1562.312,20.079,19.627,0.452,8437.688,0,0.000,0,4,48,0
1559,8117572600.943,8117572621.006,8117574148.733,1527.313,1547.790,20.477,20.063,0.414,8452.210,0,0.000,0,4,48,0
1560,8117584295.605,8117584318.550,8117585876.960,1557.863,1581.355,23.492,22.945,0.547,8418.645,0,0.000,0,4,48,0
1561,8117598262.512,8117598282.433,8117599740.778,1457.854,1478.266,20.412,19.921,0.491,8521.734,0,0.000,0,4,48,0
1562,8117605121.415,8117605135.714,8117608961.630,1558.355,3840.215,2281.860,14.299,2267.561,6159.785,0,0.000,1,4,48,0
1563,8117616970.148,8117616989.116,8117618596.837,1607.300,1626.689,19.389,18.968,0.421,8373.311,0,0.000,0,4,48,0
1564,8117622570.078,8117622584.547,8117628119.932,1547.204,5549.854,4002.650,14.469,3988.181,4450.146,0,0.000,1,4,48,0
1565,8117627849.858,8117628151.846,8117637653.506,1513.930,9803.648,8289.718,301.988,7987.730,196.352,0,0.000,1,4,48,0
1566,8117640759.813,8117640778.802,8117642327.163,1547.963,1567.350,19.387,18.989,0.398,8432.650,0,0.000,0,4,48,0
1567,8117646147.272,8117646163.089,8117651538.483,1601.911,5391.211,3789.300,15.817,3773.483,4608.789,0,0.000,1,4,48,0
1568,8117656808.192,8117656822.626,8117658424.100,1600.677,1615.908,15.231,14.434,0.797,8384.092,0,0.000,0,4,48,0
1569,8117669358.461,8117669391.473,8117670979.214,1586.743,1620.753,34.010,33.012,0.998,8379.247,0,0.000,0,4,48,0
1570,8117679231.574,8117679247.317,8117680736.806,1488.969,1505.232,16.263,15.743,0.520,8494.768,0,0.000,0,4,48,0
1571,8117690513.024,8117690533.983,8117692023.031,1488.401,1510.007,21.606,20.959,0.647,8489.993,0,0.000,0,4,48,0
1572,8117697722.120,8117697736.887,8117700844.641,1589.107,3122.521,1533.414,14.767,1518.647,6877.479,0,0.000,1,4,48,0
1573,8117709898.276,8117709919.895,8117711368.919,1448.609,1470.643,22.034,21.619,0.415,8529.357,0,0.000,0,4,48,0
1574,8117723434.160,8117723453.919,8117724979.425,1524.985,1545.265,20.280,19.759,0.521,8454.735,0,0.000,0,4,48,0
1575,8117730654.956,8117730670.915,8117733685.411,1575.910,3030.455,1454.545,15.959,1438.586,6969.545,0,0.000,1,4,48,0
1576,8117740961.622,8117740980.452,8117742542.149,1561.295,1580.527,19.232,18.830,0.402,8419.473,0,0.000,0,4,48,0
1577,8117747324.131,8117747343.695,8117751902.735,1594.501,4578.604,2984.103,19.564,2964.539,5421.396,0,0.000,1,4,48,0
1578,8117758906.007,8117758924.983,8117760459.655,1534.259,1553.648,19.389,18.976,0.413,8446.352,0,0.000,0,4,48,0
1579,8117769462.203,8117769482.764,8117771068.290,1585.107,1606.087,20.980,20.561,0.419,8393.913,0,0.000,0,4,48,0
1580,8117777073.360,8117777088.965,8117780126.753,1571.483,3053.393,1481.910,15.605,1466.305,6946.607,0,0.000,1,4,48,0
1581,8117788897.405,8117788916.185,8117790504.380,1587.721,1606.975,19.254,18.780,0.474,8393.025,0,0.000,0,4,48,0
1582,8117799577.543,8117799596.627,8117801077.376,1480.269,1499.833,19.564,19.084,0.480,8500.167,0,0.000,0,4,48,0
1583,8117813207.170,8117813226.173,8117814708.871,1482.301,1501.701,19.400,19.003,0.397,8498.299,0,0.000,0,4,48,0
1584,8117822895.232,8117822915.349,8117824434.496,1518.747,1539.264,20.517,20.117,0.400,8460.736,0,0.000,0,4,48,0
1585,8117835776.233,8117835796.698,8117837313.471,1516.371,1537.238,20.867,20.465,0.402,8462.762,0,0.000,0,4,48,0
1586,8117845176.143,8117845189.834,8117846745.972,1555.741,1569.829,14.088,13.691,0.397,8430.171,0,0.000,0,4,48,0
1587,8117855732.509,8117855746.389,8117857252.766,1505.956,1520.257,14.301,13.880,0.421,8479.743,0,0.000,0,4,48,0
1588,8117866423.815,8117866443.536,8117868035.085,1591.131,1611.270,20.139,19.721,0.418,8388.730,0,0.000,0,4,48,0
1589,8117879654.184,8117879673.038,8117881152.632,1479.202,1498.448,19.246,18.854,0.392,8501.552,0,0.000,0,4,48,0
1590,8117890712.679,8117890731.827,8117892314.137,1581.919,1601.458,19.539,19.148,0.391,8398.542,0,0.000,0,4,48,0
1591,8117896579.737,8117896599.448,8117901832.492,1503.327,5252.755,3749.428,19.711,3729.717,4747.245,0,0.000,1,4,48,0
1592,8117903755.334,8117903768.897,8117910998.391,1496.750,7243.057,5746.307,13.563,5732.744,2756.943,0,0.000,1,4,48,0
1593,8117911826.957,8117911846.543,8117920728.997,1592.481,8902.040,7309.559,19.586,7289.973,1097.960,0,0.000,1,4,48,0
1594,8117924453.042,8117924472.095,8117925983.351,1510.756,1530.309,19.553,19.053,0.500,8469.691,0,0.000,0,4,48,0
1595,8117931180.758,8117931200.467,8117935184.079,1526.568,4003.321,2476.753,19.709,2457.044,5996.679,0,0.000,1,4,48,0
1596,8117940945.183,8117940959.084,8117942574.912,1615.421,1629.729,14.308,13.901,0.407,8370.271,0,0.000,0,4,48,0
1597,8117950012.887,8117950032.405,8117951596.806,1563.987,1583.919,19.932,19.518,0.414,8416.081,0,0.000,0,4,48,0
1598,8117957805.066,8117957820.995,8117960431.374,1595.708,2626.308,1030.600,15.929,1014.671,7373.692,0,0.000,1,4,48,0
1599,8117964485.007,8117964498.564,8117970036.119,1473.819,5551.112,4077.293,13.557,4063.736,4448.888,0,0.000,1,4,48,0
1600,8117978211.980,8117978243.541,8117979803.466,1558.918,1591.486,32.568,31.561,1.007,8408.514,0,0.000,0,4,48,0
1601,8117988400.373,8117988437.230,8117989885.044,1446.756,1484.671,37.915,36.857,1.058,8515.329,0,0.000,0,4,48,0
1602,8117998777.911,8117998797.846,8118000333.621,1535.256,1555.710,20.454,19.935,0.519,8444.290,0,0.000,0,4,48,0
1603,8118008071.490,8118008090.857,8118009629.110,1537.841,1557.620,19.779,19.367,0.412,8442.380,0,0.000,0,4,48,0
1604,8118020891.830,8118020914.462,8118022428.058,1512.995,1536.228,23.233,22.632,0.601,8463.772,0,0.000,0,4,48,0
1605,8118027038.701,8118027059.795,8118031473.850,1517.727,4435.149,2917.422,21.094,2896.328,5564.851,0,0.000,1,4,48,0
1606,8118033020.203,8118033034.053,8118041452.102,1507.996,8431.899,6923.903,13.850,6910.053,1568.101,0,0.000,1,4,48,0
1607,8118045611.500,8118045634.894,8118047128.215,1492.719,1516.715,23.996,23.394,0.602,8483.285,0,0.000,0,4,48,0
1608,8118054239.748,8118054262.721,8118055825.869,1562.693,1586.121,23.428,22.973,0.455,8413.879,0,0.000,0,4,48,0
1609,8118066848.432,8118066868.235,8118068417.019,1548.342,1568.587,20.245,19.803,0.442,8431.413,0,0.000,0,4,48,0
1610,8118074396.399,8118074418.245,8118077916.421,1644.050,3520.022,1875.972,21.846,1854.126,6479.978,0,0.000,1,4,48,0
1611,8118082680.112,8118082694.750,8118087078.994,1532.090,4398.882,2866.792,14.638,2852.154,5601.118,0,0.000,1,4,48,0
1612,8118093257.245,8118093276.513,8118094725.802,1448.866,1468.557,19.691,19.268,0.423,8531.443,0,0.000,0,4,48,0
1613,8118098498.174,8118098513.717,8118103400.052,1626.347,4901.878,3275.531,15.543,3259.988,5098.122,0,0.000,1,4,48,0
1614,8118103508.463,8118103520.399,8118113307.512,1524.199,9799.049,8274.850,11.936,8262.914,200.951,0,0.000,1,4,48,0
1615,8118112064.951,8118113311.831,8118123273.697,1536.059,11208.746,9672.687,1246.880,8425.807,-1208.746,1,1208.746,1,4,48,0
1616,8118126148.302,8118126167.662,8118127677.528,1509.445,1529.226,19.781,19.360,0.421,8470.774,0,0.000,0,4,48,0
1617,8118132428.759,8118132450.174,8118137144.733,1543.501,4715.974,3172.473,21.415,3151.058,5284.026,0,0.000,1,4,48,0
1618,8118145459.905,8118145481.082,8118147010.562,1529.066,1550.657,21.591,21.177,0.414,8449.343,0,0.000,0,4,48,0
1619,8118152454.374,8118152468.807,8118156439.136,1507.733,3984.762,2477.029,14.433,2462.596,6015.238,0,0.000,1,4,48,0
1620,8118158434.692,8118158448.678,8118165516.569,1592.949,7081.877,5488.928,13.986,5474.942,2918.123,0,0.000,1,4,48,0
1621,8118171151.206,8118171169.760,8118172694.871,1524.700,1543.665,18.965,18.554,0.411,8456.335,0,0.000,0,4,48,0
1622,8118178039.666,8118178058.740,8118181716.964,1504.591,3677.298,2172.707,19.074,2153.633,6322.702,0,0.000,1,4,48,0
1623,8118187165.609,8118187182.833,8118188757.082,1573.844,1591.473,17.629,17.224,0.405,8408.527,0,0.000,0,4,48,0
1624,8118192557.794,8118192578.675,8118198321.939,1573.082,5764.145,4191.063,20.881,4170.182,4235.855,0,0.000,1,4,48,0
1625,8118204677.233,8118204696.431,8118206261.065,1564.149,1583.832,19.683,19.198,0.485,8416.168,0,0.000,0,4,48,0
1626,8118218357.634,8118218384.277,8118219919.529,1534.821,1561.895,27.074,26.643,0.431,8438.105,0,0.000,0,4,48,0
1627,8118230071.714,8118230091.206,8118231664.557,1572.934,1592.843,19.909,19.492,0.417,8407.157,0,0.000,0,4,48,0
1628,8118239721.348,8118239735.509,8118241267.408,1531.465,1546.060,14.595,14.161,0.434,8453.940,0,0.000,0,4,48,0
1629,8118254606.608,8118254626.019,8118256192.119,1565.579,1585.511,19.932,19.411,0.521,8414.489,0,0.000,0,4,48,0
1630,8118268018.172,8118268036.895,8118269536.924,1499.592,1518.752,19.160,18.723,0.437,8481.248,0,0.000,0,4,48,0
1631,8118277919.847,8118277936.859,8118279562.886,1625.609,1643.039,17.430,17.012,0.418,8356.961,0,0.000,0,4,48,0
1632,8118290691.558,8118290710.550,8118292280.253,1569.303,1588.695,19.392,18.992,0.400,8411.305,0,0.000,0,4,48,0
1633,8118296587.286,8118296609.391,8118301805.123,1500.385,5217.837,3717.452,22.105,3695.347,4782.163,0,0.000,1,4,48,0
1634,8118309698.725,8118309717.632,8118311221.253,1503.209,1522.528,19.319,18.907,0.412,8477.472,0,0.000,0,4,48,0
1635,8118323193.330,8118323212.330,8118324662.619,1449.873,1469.289,19.416,19.000,0.416,8530.711,0,0.000,0,4,48,0
1636,8118333240.817,8118333257.123,8118334766.974,1509.450,1526.157,16.707,16.306,0.401,8473.843,0,0.000,0,4,48,0
1637,8118340617.107,8118340632.378,8118343330.332,1454.856,2713.225,1258.369,15.271,1243.098,7286.775,0,0.000,1,4,48,0
1638,8118350270.890,8118350284.760,8118351771.052,1485.886,1500.162,14.276,13.870,0.406,8499.838,0,0.000,0,4,48,0
1639,8118359840.780,8118359854.376,8118361321.385,1466.604,1480.605,14.001,13.596,0.405,8519.395,0,0.000,0,4,48,0
1640,8118367515.809,8118367530.926,8118369086.328,1555.008,1570.519,15.511,15.117,0.394,8429.481,0,0.000,0,4,48,0
1641,8118374888.007,8118374904.550,8118377873.886,1450.454,2985.879,1535.425,16.543,1518.882,7014.121,0,0.000,1,4,48,0
1642,8118387040.868,8118387060.264,8118388606.741,1545.979,1565.873,19.894,19.396,0.498,8434.127,0,0.000,0,4,48,0
1643,8118394540.313,8118394562.161,8118398107.361,1499.588,3567.048,2067.460,21.848,2045.612,6432.952,0,0.000,1,4,48,0
1644,8118405542.853,8118405561.821,8118407132.687,1570.389,1589.834,19.445,18.968,0.477,8410.166,0,0.000,0,4,48,0
1645,8118417840.350,8118417859.576,8118419462.028,1602.042,1621.678,19.636,19.226,0.410,8378.322,0,0.000,0,4,48,0
1646,8118424250.215,8118424264.311,8118428561.158,1448.864,4310.943,2862.079,14.096,2847.983,5689.057,0,0.000,1,4,48,0
1647,8118433303.369,8118433317.496,8118434840.036,1522.050,1536.667,14.617,14.127,0.490,8463.333,0,0.000,0,4,48,0
1648,8118440659.104,8118440680.694,8118443622.052,1634.680,2962.948,1328.268,21.590,1306.678,7037.052,0,0.000,1,4,48,0
1649,8118446522.508,8118446542.256,8118453427.083,1577.312,6904.575,5327.263,19.748,5307.515,3095.425,0,0.000,1,4,48,0
1650,8118455933.711,8118455947.516,8118463317.630,1487.516,7383.919,5896.403,13.805,5882.598,2616.081,0,0.000,1,4,48,0
1651,8118460945.817,8118463322.417,8118464818.140,1495.284,3872.323,2377.039,2376.600,0.439,6127.677,0,0.000,0,4,48,0
1652,8118467227.635,8118467249.176,8118474055.287,1485.971,6827.652,5341.681,21.541,5320.140,3172.348,0,0.000,1,4,48,0
1653,8118478512.769,8118478533.196,8118483441.651,1603.633,4928.882,3325.249,20.427,3304.822,5071.118,0,0.000,1,4,48,0
1654,8118489325.568,8118489345.429,8118490911.984,1566.134,1586.416,20.282,19.861,0.421,8413.584,0,0.000,0,4,48,0
1655,8118499787.128,8118499801.277,8118501397.426,1595.748,1610.298,14.550,14.149,0.401,8389.702,0,0.000,0,4,48,0
1656,8118511330.351,8118511349.704,8118512902.501,1552.388,1572.150,19.762,19.353,0.409,8427.850,0,0.000,0,4,48,0
1657,8118519787.194,8118519809.053,8118521382.170,1572.676,1594.976,22.300,21.859,0.441,8405.024,0,0.000,0,4,48,0
1658,8118531645.904,8118531666.877,8118533255.588,1588.314,1609.684,21.370,20.973,0.397,8390.316,0,0.000,0,4,48,0
1659,8118539982.799,8118539996.637,8118541552.908,1555.786,1570.109,14.323,13.838,0.485,8429.891,0,0.000,0,4,48,0
1660,8118545756.590,8118545775.477,8118550257.233,1497.017,4500.643,3003.626,18.887,2984.739,5499.357,0,0.000,1,4,48,0
1661,8118559027.401,8118559047.114,8118560491.426,1443.846,1464.025,20.179,19.713,0.466,8535.975,0,0.000,0,4,48,0
1662,8118566073.435,8118566088.441,8118569564.493,1445.840,3491.058,2045.218,15.006,2030.212,6508.942,0,0.000,1,4,48,0
1663,8118580152.304,8118580172.505,8118581770.568,1597.550,1618.264,20.714,20.201,0.513,8381.736,0,0.000,0,4,48,0
1664,8118594917.864,8118594939.320,8118596455.532,1515.784,1537.668,21.884,21.456,0.428,8462.332,0,0.000,0,4,48,0
1665,8118603603.458,8118603617.321,8118605173.795,1555.982,1570.337,14.355,13.863,0.492,8429.663,0,0.000,0,4,48,0
1666,8118618016.712,8118618036.904,8118619629.760,1592.321,1613.048,20.727,20.192,0.535,8386.952,0,0.000,0,4,48,0
1667,8118631638.421,8118631657.364,8118633207.055,1549.303,1568.634,19.331,18.943,0.388,8431.366,0,0.000,0,4,48,0
1668,8118646066.143,8118646085.282,8118647619.154,1533.449,1553.011,19.562,19.139,0.423,8446.989,0,0.000,0,4,48,0
1669,8118654903.648,8118654923.736,8118656415.861,1491.647,1512.213,20.566,20.088,0.478,8487.787,0,0.000,0,4,48,0
1670,8118662499.221,8118662513.915,8118663993.487,1479.155,1494.266,15.111,14.694,0.417,8505.734,0,0.000,0,4,48,0
1671,8118669374.935,8118669389.168,8118673438.874,1547.691,4063.939,2516.248,14.233,2502.015,5936.061,0,0.000,1,4,48,0
1672,8118676827.116,8118676844.450,8118682921.186,1565.420,6094.070,4528.650,17.334,4511.316,3905.930,0,0.000,1,4,48,0
1673,8118687220.271,8118687238.735,8118688694.287,1455.138,1474.016,18.878,18.464,0.414,8525.984,0,0.000,0,4,48,0
1674,8118695547.642,8118695562.328,8118697105.922,1543.177,1558.280,15.103,14.686,0.417,8441.720,0,0.000,0,4,48,0
1675,8118708171.258,8118708189.995,8118709647.718,1457.217,1476.460,19.243,18.737,0.506,8523.540,0,0.000,0,4,48,0
1676,8118718050.518,8118718065.308,8118719655.841,1590.107,1605.323,15.216,14.790,0.426,8394.677,0,0.000,0,4,48,0
1677,8118729357.906,8118729376.960,8118730836.080,1458.725,1478.174,19.449,19.054,0.395,8521.826,0,0.000,0,4,48,0
1678,8118736459.474,8118736475.157,8118740386.418,1534.326,3926.944,2392.618,15.683,2376.935,6073.056,0,0.000,1,4,48,0
1679,8118747553.378,8118747597.745,8118749167.999,1569.075,1614.621,45.546,44.367,1.179,8385.379,0,0.000,0,4,48,0
1680,8118759862.280,8118759881.814,8118761342.668,1460.397,1480.388,19.991,19.534,0.457,8519.612,0,0.000,0,4,48,0
1681,8118768414.811,8118768432.532,8118769958.255,1525.141,1543.444,18.303,17.721,0.582,8456.556,0,0.000,0,4,48,0
1682,8118777975.745,8118777991.443,8118779597.639,1605.793,1621.894,16.101,15.698,0.403,8378.106,0,0.000,0,4,48,0
1683,8118789723.823,8118789748.259,8118791257.575,1508.740,1533.752,25.012,24.436,0.576,8466.248,0,0.000,0,4,48,0
1684,8118803719.852,8118803739.356,8118805157.923,1418.022,1438.071,20.049,19.504,0.545,8561.929,0,0.000,0,4,48,0
1685,8118812943.753,8118812958.584,8118814487.059,1528.004,1543.306,15.302,14.831,0.471,8456.694,0,0.000,0,4,48,0
1686,8118825849.762,8118825872.137,8118827380.394,1507.753,1530.632,22.879,22.375,0.504,8469.368,0,0.000,0,4,48,0
1687,8118839446.908,8118839474.167,8118840980.414,1505.740,1533.506,27.766,27.259,0.507,8466.494,0,0.000,0,4,48,0
1688,8118852788.409,8118852808.541,8118854305.314,1496.229,1516.905,20.676,20.132,0.544,8483.095,0,0.000,0,4,48,0
1689,8118864840.962,8118864861.062,8118866444.401,1582.924,1603.439,20.515,20.100,0.415,8396.561,0,0.000,0,4,48,0
1690,8118871040.252,8118871061.197,8118875442.823,1535.410,4402.571,2867.161,20.945,2846.216,5597.429,0,0.000,1,4,48,0
1691,8118880364.306,8118880378.737,8118884864.571,1559.934,4500.265,2940.331,14.431,2925.900,5499.735,0,0.000,1,4,48,0
1692,8118893543.823,8118893563.381,8118894976.698,1412.837,1432.875,20.038,19.558,0.480,8567.125,0,0.000,0,4,48,0
1693,8118898611.361,8118898627.115,8118903722.305,1529.608,5110.944,3581.336,15.754,3565.582,4889.056,0,0.000,1,4,48,0
1694,8118904183.314,8118904198.539,8118913573.592,1548.410,9390.278,7841.868,15.225,7826.643,609.722,0,0.000,1,4,48,0
1695,8118918897.064,8118918921.043,8118920426.602,1505.013,1529.538,24.525,23.979,0.546,8470.462,0,0.000,0,4,48,0
1696,8118927122.381,8118927139.283,8118928688.523,1548.722,1566.142,17.420,16.902,0.518,8433.858,0,0.000,0,4,48,0
1697,8118941701.545,8118941720.447,8118943296.236,1575.392,1594.691,19.299,18.902,0.397,8405.309,0,0.000,0,4,48,0
1698,8118953394.868,8118953414.061,8118954930.682,1516.207,1535.814,19.607,19.193,0.414,8464.186,0,0.000,0,4,48,0
1699,8118966789.391,8118966810.586,8118968404.049,1593.035,1614.658,21.623,21.195,0.428,8385.342,0,0.000,0,4,48,0
1700,8118972102.753,8118972116.734,8118977394.677,1482.070,5291.924,3809.854,13.981,3795.873,4708.076,0,0.000,1,4,48,0
1701,8118984706.242,8118984726.194,8118986269.546,1542.863,1563.304,20.441,19.952,0.489,8436.696,0,0.000,0,4,48,0
1702,8118990832.590,8118990847.297,8118995075.572,1519.684,4242.982,2723.298,14.707,2708.591,5757.018,0,0.000,1,4,48,0
1703,8118997196.277,8118997210.090,8119004721.527,1536.713,7525.250,5988.537,13.813,5974.724,2474.750,0,0.000,1,4,48,0
1704,8119007411.320,8119007430.951,8119014737.575,1547.099,7326.255,5779.156,19.631,5759.525,2673.745,0,0.000,1,4,48,0
1705,8119017379.351,8119017400.255,8119018948.819,1547.478,1569.468,21.990,20.904,1.086,8430.532,0,0.000,0,4,48,0
1706,8119031146.974,8119031173.456,8119032719.164,1544.976,1572.190,27.214,26.482,0.732,8427.810,0,0.000,0,4,48,0
1707,8119041620.330,8119041635.719,8119043172.692,1536.479,1552.362,15.883,15.389,0.494,8447.638,0,0.000,0,4,48,0
1708,8119050956.029,8119050984.646,8119052619.343,1633.751,1663.314,29.563,28.617,0.946,8336.686,0,0.000,0,4,48,0
1709,8119059077.513,8119059095.983,8119061648.121,1589.331,2570.608,981.277,18.470,962.807,7429.392,0,0.000,1,4,48,0
1710,8119072085.493,8119072105.762,8119073669.089,1562.805,1583.596,20.791,20.269,0.522,8416.404,0,0.000,0,4,48,0
1711,8119083963.381,8119083983.308,8119085494.785,1511.039,1531.404,20.365,19.927,0.438,8468.596,0,0.000,0,4,48,0
1712,8119090044.105,8119090058.690,8119094555.817,1528.244,4511.712,2983.468,14.585,2968.883,5488.288,0,0.000,1,4,48,0
1713,8119102907.681,8119102927.704,8119104416.343,1488.207,1508.662,20.455,20.023,0.432,8491.338,0,0.000,0,4,48,0
1714,8119116731.820,8119116751.256,8119118358.813,1606.952,1626.993,20.041,19.436,0.605,8373.007,0,0.000,0,4,48,0
1715,8119128824.689,8119128844.351,8119130273.530,1428.660,1448.841,20.181,19.662,0.519,8551.159,0,0.000,0,4,48,0
1716,8119136744.111,8119136758.508,8119138306.729,1547.708,1562.618,14.910,14.397,0.513,8437.382,0,0.000,0,4,48,0
1717,8119149447.704,8119149467.573,8119150942.583,1474.590,1494.879,20.289,19.869,0.420,8505.121,0,0.000,0,4,48,0
1718,8119154936.570,8119154955.078,8119159961.140,1553.586,5024.570,3470.984,18.508,3452.476,4975.430,0,0.000,1,4,48,0
1719,8119160133.857,8119160148.439,8119169470.551,1524.423,9336.694,7812.271,14.582,7797.689,663.306,0,0.000,1,4,48,0
1720,8119174996.018,8119175019.313,8119176559.318,1539.589,1563.300,23.711,23.295,0.416,8436.700,0,0.000,0,4,48,0
1721,8119183629.632,8119183643.810,8119185167.723,1523.519,1538.091,14.572,14.178,0.394,8461.909,0,0.000,0,4,48,0
1722,8119196991.946,8119197014.629,8119198595.982,1580.854,1604.036,23.182,22.683,0.499,8395.964,0,0.000,0,4,48,0
1723,8119208634.307,8119208654.019,8119210248.177,1593.733,1613.870,20.137,19.712,0.425,8386.130,0,0.000,0,4,48,0
1724,8119223133.610,8119223155.186,8119224802.277,1646.600,1668.667,22.067,21.576,0.491,8331.333,0,0.000,0,4,48,0
1725,8119237459.611,8119237478.688,8119239018.951,1539.870,1559.340,19.470,19.077,0.393,8440.660,0,0.000,0,4,48,0
1726,8119244759.484,8119244774.347,8119247752.125,1511.635,2992.641,1481.006,14.863,1466.143,7007.359,0,0.000,1,4,48,0
1727,8119252413.103,8119252434.242,8119257478.839,1468.644,5065.736,3597.092,21.139,3575.953,4934.264,0,0.000,1,4,48,0
1728,8119259747.875,8119259761.576,8119267478.901,1516.740,7731.026,6214.286,13.701,6200.585,2268.974,0,0.000,1,4,48,0
1729,8119267267.338,8119267495.089,8119269131.724,1636.229,1864.386,228.157,227.751,0.406,8135.614,0,0.000,0,4,48,0
1730,8119273128.012,8119273146.819,8119278227.360,1618.218,5099.348,3481.130,18.807,3462.323,4900.652,0,0.000,1,4,48,0
1731,8119284921.341,8119284942.431,8119286512.765,1569.455,1591.424,21.969,21.090,0.879,8408.576,0,0.000,0,4,48,0
1732,8119297577.775,8119297609.910,8119299155.948,1544.786,1578.173,33.387,32.135,1.252,8421.827,0,0.000,0,4,48,0
1733,8119306185.511,8119306200.906,8119307758.794,1557.349,1573.283,15.934,15.395,0.539,8426.717,0,0.000,0,4,48,0
1734,8119321283.663,8119321303.646,8119322756.574,1452.392,1472.911,20.519,19.983,0.536,8527.089,0,0.000,0,4,48,0
1735,8119328293.890,8119328313.835,8119332058.889,1455.889,3764.999,2309.110,19.945,2289.165,6235.001,0,0.000,1,4,48,0
1736,8119336096.147,8119336118.074,8119337608.595,1490.039,1512.448,22.409,21.927,0.482,8487.552,0,0.000,0,4,48,0
1737,8119347988.435,8119348012.860,8119349474.591,1461.274,1486.156,24.882,24.425,0.457,8513.844,0,0.000,0,4,48,0
1738,8119356120.196,8119356140.493,8119357617.259,1476.264,1497.063,20.799,20.297,0.502,8502.937,0,0.000,0,4,48,0
1739,8119368437.515,8119368456.788,8119370068.378,1611.191,1630.863,19.672,19.273,0.399,8369.137,0,0.000,0,4,48,0
1740,8119376285.779,8119376303.177,8119379297.119,1550.840,3011.340,1460.500,17.398,1443.102,6988.660,0,0.000,1,4,48,0
1741,8119381334.307,8119381352.284,8119388459.246,1486.509,7124.939,5638.430,17.977,5620.453,2875.061,0,0.000,1,4,48,0
1742,8119389944.100,8119389965.273,8119398455.902,1547.996,8511.802,6963.806,21.173,6942.633,1488.198,0,0.000,1,4,48,0
1743,8119395420.635,8119398460.917,8119399989.969,1528.645,4569.334,3040.689,3040.282,0.407,5430.666,0,0.000,0,4,48,0
1744,8119410021.829,8119410042.483,8119411542.376,1499.422,1520.547,21.125,20.654,0.471,8479.453,0,0.000,0,4,48,0
1745,8119422872.935,8119422892.558,8119424436.517,1543.563,1563.582,20.019,19.623,0.396,8436.418,0,0.000,0,4,48,0
1746,8119432889.259,8119432906.399,8119434454.546,1547.655,1565.287,17.632,17.140,0.492,8434.713,0,0.000,0,4,48,0
1747,8119445913.261,8119445932.635,8119447615.114,1682.065,1701.853,19.788,19.374,0.414,8298.147,0,0.000,0,4,48,0
1748,8119459593.239,8119459612.295,8119461138.384,1525.644,1545.145,19.501,19.056,0.445,8454.855,0,0.000,0,4,48,0
1749,8119468567.194,8119468585.885,8119470111.399,1525.116,1544.205,19.089,18.691,0.398,8455.795,0,0.000,0,4,48,0
1750,8119474982.068,8119474995.906,8119479109.327,1543.107,4127.259,2584.152,13.838,2570.314,5872.741,0,0.000,1,4,48,0
1751,8119486237.135,8119486255.920,8119487855.647,1599.279,1618.512,19.233,18.785,0.448,8381.488,0,0.000,0,4,48,0
1752,8119496660.124,8119496674.777,8119498249.460,1574.271,1589.336,15.065,14.653,0.412,8410.664,0,0.000,0,4,48,0
1753,8119506552.363,8119506571.122,8119508120.924,1549.317,1568.561,19.244,18.759,0.485,8431.439,0,0.000,0,4,48,0
1754,8119518185.802,8119518205.163,8119519788.759,1583.189,1602.957,19.768,19.361,0.407,8397.043,0,0.000,0,4,48,0
1755,8119529859.476,8119529880.501,8119531499.238,1618.326,1639.762,21.436,21.025,0.411,8360.238,0,0.000,0,4,48,0
1756,8119535257.345,8119535271.676,8119540714.396,1563.674,5457.051,3893.377,14.331,3879.046,4542.949,0,0.000,1,4,48,0
1757,8119547595.915,8119547617.553,8119549138.110,1520.137,1542.195,22.058,21.638,0.420,8457.805,0,0.000,0,4,48,0
1758,8119555965.101,8119555979.193,8119557523.975,1544.367,1558.874,14.507,14.092,0.415,8441.126,0,0.000,0,4,48,0
1759,8119562815.564,8119562829.272,8119566389.369,1591.918,3573.805,1981.887,13.708,1968.179,6426.195,0,0.000,1,4,48,0
1760,8119575652.339,8119575672.465,8119577143.486,1470.619,1491.147,20.528,20.126,0.402,8508.853,0,0.000,0,4,48,0
1761,8119581496.714,8119581514.594,8119585765.940,1595.502,4269.226,2673.724,17.880,2655.844,5730.774,0,0.000,1,4,48,0
1762,8119589422.118,8119589436.180,8119595719.499,1610.893,6297.381,4686.488,14.062,4672.426,3702.619,0,0.000,1,4,48,0
1763,8119597099.010,8119597113.294,8119605668.258,1642.918,8569.248,6926.330,14.284,6912.046,1430.752,0,0.000,1,4,48,0
1764,8119609116.955,8119609136.549,8119610742.804,1605.835,1625.849,20.014,19.594,0.420,8374.151,0,0.000,0,4,48,0
1765,8119619897.380,8119619928.073,8119621416.575,1488.108,1519.195,31.087,30.693,0.394,8480.805,0,0.000,0,4,48,0
1766,8119633013.270,8119633033.019,8119634565.185,1531.646,1551.915,20.269,19.749,0.520,8448.085,0,0.000,0,4,48,0
1767,8119640495.269,8119640510.150,8119644051.919,1525.286,3556.650,2031.364,14.881,2016.483,6443.350,0,0.000,1,4,48,0
1768,8119646214.046,8119646228.447,8119653029.660,1516.358,6815.614,5299.256,14.401,5284.855,3184.386,0,0.000,1,4,48,0
1769,8119654623.209,8119654636.807,8119663198.649,1539.467,8575.440,7035.973,13.598,7022.375,1424.560,0,0.000,1,4,48,0
1770,8119661457.343,8119663203.458,8119664755.195,1551.326,3297.852,1746.526,1746.115,0.411,6702.148,0,0.000,0,4,48,0
1771,8119669576.450,8119669598.147,8119674038.070,1424.286,4461.620,3037.334,21.697,3015.637,5538.380,0,0.000,1,4,48,0
1772,8119676821.278,8119676835.634,8119683394.047,1540.599,6572.769,5032.170,14.356,5017.814,3427.231,0,0.000,1,4,48,0
1773,8119690758.328,8119690777.519,8119692285.196,1507.267,1526.868,19.601,19.191,0.410,8473.132,0,0.000,0,4,48,0
1774,8119697254.575,8119697269.615,8119701600.589,1570.000,4346.014,2776.014,15.040,2760.974,5653.986,0,0.000,1,4,48,0
1775,8119711279.159,8119711301.970,8119712816.440,1513.860,1537.281,23.421,22.811,0.610,8462.719,0,0.000,0,4,48,0
1776,8119718108.587,8119718130.155,8119721997.394,1586.866,3888.807,2301.941,21.568,2280.373,6111.193,0,0.000,1,4,48,0
1777,8119727575.397,8119727591.619,8119729090.998,1498.877,1515.601,16.724,16.222,0.502,8484.399,0,0.000,0,4,48,0
1778,8119734808.169,8119734828.079,8119737993.064,1588.019,3184.895,1596.876,19.910,1576.966,6815.105,0,0.000,1,4,48,0
1779,8119743749.661,8119743763.602,8119745361.028,1596.946,1611.367,14.421,13.941,0.480,8388.633,0,0.000,0,4,48,0
1780,8119749200.608,8119749214.397,8119754526.474,1544.114,5325.866,3781.752,13.789,3767.963,4674.134,0,0.000,1,4,48,0
1781,8119761935.805,8119761954.771,8119763457.414,1502.235,1521.609,19.374,18.966,0.408,8478.391,0,0.000,0,4,48,0
1782,8119771831.123,8119771852.773,8119773378.720,1525.543,1547.597,22.054,21.650,0.404,8452.403,0,0.000,0,4,48,0
1783,8119778009.666,8119778038.439,8119782409.663,1537.103,4399.997,2862.894,28.773,2834.121,5600.003,0,0.000,1,4,48,0
1784,8119791734.034,8119791756.774,8119793280.379,1523.064,1546.345,23.281,22.740,0.541,8453.655,0,0.000,0,4,48,0
1785,8119801641.319,8119801656.219,8119803257.027,1600.372,1615.708,15.336,14.900,0.436,8384.292,0,0.000,0,4,48,0
1786,8119814977.702,8119814997.673,8119816483.870,1485.760,1506.168,20.408,19.971,0.437,8493.832,0,0.000,0,4,48,0
1787,8119821418.205,8119821433.216,8119826007.669,1592.581,4589.464,2996.883,15.011,2981.872,5410.536,0,0.000,1,4,48,0
1788,8119833481.623,8119833501.243,8119835083.695,1582.001,1602.072,20.071,19.620,0.451,8397.928,0,0.000,0,4,48,0
1789,8119845052.396,8119845072.161,8119846591.591,1518.999,1539.195,20.196,19.765,0.431,8460.805,0,0.000,0,4,48,0
1790,8119857432.818,8119857454.586,8119859035.060,1580.065,1602.242,22.177,21.768,0.409,8397.758,0,0.000,0,4,48,0
1791,8119871522.802,8119871542.861,8119873100.529,1557.234,1577.727,20.493,20.059,0.434,8422.273,0,0.000,0,4,48,0
1792,8119881180.161,8119881199.207,8119882745.247,1545.601,1565.086,19.485,19.046,0.439,8434.914,0,0.000,0,4,48,0
1793,8119892545.662,8119892565.024,8119894127.632,1562.198,1581.970,19.772,19.362,0.410,8418.030,0,0.000,0,4,48,0
1794,8119904433.503,8119904454.158,8119906051.703,1597.127,1618.200,21.073,20.655,0.418,8381.800,0,0.000,0,4,48,0
1795,8119915779.420,8119915800.173,8119917303.161,1502.559,1523.741,21.182,20.753,0.429,8476.259,0,0.000,0,4,48,0
1796,8119924847.820,8119924862.376,8119926336.525,1473.722,1488.705,14.983,14.556,0.427,8511.295,0,0.000,0,4,48,0
1797,8119937728.376,8119937749.018,8119939380.425,1630.746,1652.049,21.303,20.642,0.661,8347.951,0,0.000,0,4,48,0
1798,8119947642.560,8119947664.589,8119949258.690,1593.529,1616.130,22.601,22.029,0.572,8383.870,0,0.000,0,4,48,0
1799,8119960630.167,8119960650.252,8119962189.979,1539.250,1559.812,20.562,20.085,0.477,8440.188,0,0.000,0,4,48,0
1800,8119968988.421,8119969009.802,8119970461.833,1451.520,1473.412,21.892,21.381,0.511,8526.588,0,0.000,0,4,48,0
1801,8119981857.756,8119981880.196,8119983480.888,1600.204,1623.132,22.928,22.440,0.488,8376.868,0,0.000,0,4,48,0
1802,8119990648.334,8119990662.115,8119992362.451,1699.925,1714.117,14.192,13.781,0.411,8285.883,0,0.000,0,4,48,0
1803,8119995925.385,8119995946.953,8120001268.547,1659.288,5343.162,3683.874,21.568,3662.306,4656.838,0,0.000,1,4,48,0
1804,8120003158.858,8120003173.117,8120011344.465,1519.974,8185.607,6665.633,14.259,6651.374,1814.393,0,0.000,1,4,48,0
1805,8120016058.667,8120016079.496,8120017687.563,1607.578,1628.896,21.318,20.829,0.489,8371.104,0,0.000,0,4,48,0
1806,8120030609.090,8120030628.050,8120032150.432,1521.966,1541.342,19.376,18.960,0.416,8458.658,0,0.000,0,4,48,0
1807,8120042405.735,8120042426.530,8120043982.139,1555.174,1576.404,21.230,20.795,0.435,8423.596,0,0.000,0,4,48,0
1808,8120053485.304,8120053518.518,8120055040.274,1520.558,1554.970,34.412,33.214,1.198,8445.030,0,0.000,0,4,48,0
1809,8120066346.707,8120066376.933,8120067935.454,1557.655,1588.747,31.092,30.226,0.866,8411.253,0,0.000,0,4,48,0
1810,8120075971.954,8120075987.184,8120077532.924,1545.188,1560.970,15.782,15.230,0.552,8439.030,0,0.000,0,4,48,0
1811,8120081895.086,8120081910.161,8120086405.972,1519.888,4510.886,2990.998,15.075,2975.923,5489.114,0,0.000,1,4,48,0
1812,8120089257.857,8120089276.314,8120095986.656,1550.551,6728.799,5178.248,18.457,5159.791,3271.201,0,0.000,1,4,48,0
1813,8120097571.998,8120097595.261,8120106113.788,1529.613,8541.790,7012.177,23.263,6988.914,1458.210,0,0.000,1,4,48,0
1814,8120111608.438,8120111628.178,8120113182.444,1553.774,1574.006,20.232,19.740,0.492,8425.994,0,0.000,0,4,48,0
1815,8120124560.670,8120124580.712,8120126100.722,1519.569,1540.052,20.483,20.042,0.441,8459.948,0,0.000,0,4,48,0
1816,8120137329.389,8120137356.372,8120138825.181,1468.284,1495.792,27.508,26.983,0.525,8504.208,0,0.000,0,4,48,0
1817,8120152208.017,8120152227.984,8120153788.322,1559.929,1580.305,20.376,19.967,0.409,8419.695,0,0.000,0,4,48,0
1818,8120163666.476,8120163687.816,8120165268.713,1580.414,1602.237,21.823,21.340,0.483,8397.763,0,0.000,0,4,48,0
1819,8120169008.727,8120169026.338,8120174191.445,1490.183,5182.718,3692.535,17.611,3674.924,4817.282,0,0.000,1,4,48,0
1820,8120182068.542,8120182087.769,8120183649.405,1561.209,1580.863,19.654,19.227,0.427,8419.137,0,0.000,0,4,48,0
1821,8120188356.853,8120188376.119,8120193039.343,1590.899,4682.490,3091.591,19.266,3072.325,5317.510,0,0.000,1,4,48,0
1822,8120201523.626,8120201542.778,8120203066.786,1523.589,1543.160,19.571,19.152,0.419,8456.840,0,0.000,0,4,48,0
1823,8120210132.982,8120210147.432,8120211644.077,1496.259,1511.095,14.836,14.450,0.386,8488.905,0,0.000,0,4,48,0
1824,8120221859.304,8120221878.581,8120223425.368,1546.384,1566.064,19.680,19.277,0.403,8433.936,0,0.000,0,4,48,0
1825,8120230724.774,8120230739.832,8120232228.759,1488.518,1503.985,15.467,15.058,0.409,8496.015,0,0.000,0,4,48,0
1826,8120245381.147,8120245401.292,8120246986.460,1584.723,1605.313,20.590,20.145,0.445,8394.687,0,0.000,0,4,48,0
1827,8120254352.108,8120254374.184,8120255861.586,1486.980,1509.478,22.498,22.076,0.422,8490.522,0,0.000,0,4,48,0
1828,8120261269.056,8120261288.846,8120265194.263,1551.511,3925.207,2373.696,19.790,2353.906,6074.793,0,0.000,1,4,48,0
1829,8120271435.173,8120271448.361,8120272961.773,1512.947,1526.600,13.653,13.188,0.465,8473.400,0,0.000,0,4,48,0
1830,8120278983.060,8120279008.503,8120281986.334,1540.286,3003.274,1462.988,25.443,1437.545,6996.726,0,0.000,1,4,48,0
1831,8120288121.527,8120288141.474,8120289726.724,1584.823,1605.197,20.374,19.947,0.427,8394.803,0,0.000,0,4,48,0
1832,8120302478.318,8120302499.331,8120304123.791,1624.059,1645.473,21.414,21.013,0.401,8354.527,0,0.000,0,4,48,0
1833,8120311946.385,8120311965.544,8120313526.063,1560.116,1579.678,19.562,19.159,0.403,8420.322,0,0.000,0,4,48,0
1834,8120320621.827,8120320642.909,8120322111.486,1468.066,1489.659,21.593,21.082,0.511,8510.341,0,0.000,0,4,48,0
1835,8120333300.354,8120333319.555,8120334866.882,1546.920,1566.528,19.608,19.201,0.407,8433.472,0,0.000,0,4,48,0
1836,8120346889.320,8120346916.545,8120348473.731,1556.719,1584.411,27.692,27.225,0.467,8415.589,0,0.000,0,4,48,0
1837,8120355441.407,8120355455.234,8120357059.392,1603.606,1617.985,14.379,13.827,0.552,8382.015,0,0.000,0,4,48,0
1838,8120363977.026,8120363992.094,8120365621.041,1628.536,1644.015,15.479,15.068,0.411,8355.985,0,0.000,0,4,48,0
1839,8120371126.817,8120371147.198,8120374677.419,1551.343,3550.602,1999.259,20.381,1978.878,6449.398,0,0.000,1,4,48,0
1840,8120377848.763,8120377865.617,8120384541.715,1677.751,6692.952,5015.201,16.854,4998.347,3307.048,0,0.000,1,4,48,0
1841,8120389855.879,8120389883.109,8120391388.769,1505.248,1532.890,27.642,27.230,0.412,8467.110,0,0.000,0,4,48,0
1842,8120396939.624,8120396953.783,8120400409.295,1595.340,3469.671,1874.331,14.159,1860.172,6530.329,0,0.000,1,4,48,0
1843,8120410171.899,8120410195.501,8120411670.843,1474.512,1498.944,24.432,23.602,0.830,8501.056,0,0.000,0,4,48,0
1844,8120422142.877,8120422165.120,8120423697.196,1531.534,1554.319,22.785,22.243,0.542,8445.681,0,0.000,0,4,48,0
1845,8120429489.041,8120429505.840,8120433156.476,1503.106,3667.435,2164.329,16.799,2147.530,6332.565,0,0.000,1,4,48,0
1846,8120435349.733,8120435371.959,8120442161.044,1565.721,6811.311,5245.590,22.226,5223.364,3188.689,0,0.000,1,4,48,0
1847,8120445415.297,8120445429.786,8120452162.246,1479.192,6746.949,5267.757,14.489,5253.268,3253.051,0,0.000,1,4,48,0
1848,8120450484.749,8120452196.205,8120453766.448,1569.817,3281.699,1711.882,1711.456,0.426,6718.301,0,0.000,0,4,48,0
1849,8120465047.005,8120465067.294,8120466556.444,1488.713,1509.439,20.726,20.289,0.437,8490.561,0,0.000,0,4,48,0
1850,8120474795.305,8120474811.047,8120476342.539,1531.081,1547.234,16.153,15.742,0.411,8452.766,0,0.000,0,4,48,0
1851,8120485240.284,8120485267.634,8120486936.738,1668.315,1696.454,28.139,27.350,0.789,8303.546,0,0.000,0,4,48,0
1852,8120492301.292,8120492322.615,8120496142.871,1574.405,3841.579,2267.174,21.323,2245.851,6158.421,0,0.000,1,4,48,0
1853,8120500437.482,8120500453.405,8120505257.060,1492.056,4819.578,3327.522,15.923,3311.599,5180.422,0,0.000,1,4,48,0
1854,8120508940.499,8120508959.731,8120515263.534,1510.627,6323.035,4812.408,19.232,4793.176,3676.965,0,0.000,1,4,48,0
1855,8120515919.355,8120515932.445,8120517399.923,1467.039,1480.568,13.529,13.090,0.439,8519.432,0,0.000,0,4,48,0
1856,8120522424.892,8120522438.874,8120526269.513,1587.160,3844.621,2257.461,13.982,2243.479,6155.379,0,0.000,1,4,48,0
1857,8120527576.865,8120527591.042,8120535330.667,1482.947,7753.802,6270.855,14.177,6256.678,2246.198,0,0.000,1,4,48,0
1858,8120541722.829,8120541742.090,8120543266.380,1523.888,1543.551,19.663,19.261,0.402,8456.449,0,0.000,0,4,48,0
1859,8120553805.856,8120553826.940,8120555357.383,1530.035,1551.527,21.492,21.084,0.408,8448.473,0,0.000,0,4,48,0
1860,8120568141.333,8120568160.893,8120569631.794,1470.454,1490.461,20.007,19.560,0.447,8509.539,0,0.000,0,4,48,0
1861,8120580153.645,8120580174.078,8120581747.185,1572.543,1593.540,20.997,20.433,0.564,8406.460,0,0.000,0,4,48,0
1862,8120589876.605,8120589897.023,8120591386.664,1488.782,1510.059,21.277,20.418,0.859,8489.941,0,0.000,0,4,48,0
1863,8120597231.560,8120597254.063,8120600820.706,1686.071,3589.146,1903.075,22.503,1880.572,6410.854,0,0.000,1,4,48,0
1864,8120603172.485,8120603186.583,8120610643.100,1568.156,7470.615,5902.459,14.098,5888.361,2529.385,0,0.000,1,4,48,0
1865,8120610718.700,8120610739.498,8120620162.554,1532.834,9443.854,7911.020,20.798,7890.222,556.146,0,0.000,1,4,48,0
1866,8120619133.505,8120620166.825,8120621693.839,1526.634,2560.334,1033.700,1033.320,0.380,7439.666,0,0.000,0,4,48,0
1867,8120628192.084,8120628206.771,8120630646.093,1559.460,2454.009,894.549,14.687,879.862,7545.991,0,0.000,1,4,48,0
1868,8120637147.641,8120637162.263,8120640632.528,1592.857,3484.887,1892.030,14.622,1877.408,6515.113,0,0.000,1,4,48,0
1869,8120642637.013,8120642651.007,8120650103.866,1563.362,7466.853,5903.491,13.994,5889.497,2533.147,0,0.000,1,4,48,0
1870,8120651996.807,8120652013.541,8120659904.196,1569.174,7907.389,6338.215,16.734,6321.481,2092.611,0,0.000,1,4,48,0
1871,8120661874.447,8120661888.851,8120663400.486,1511.225,1526.039,14.814,14.404,0.410,8473.961,0,0.000,0,4,48,0
1872,8120668402.845,8120668417.762,8120672826.010,1532.187,4423.165,2890.978,14.917,2876.061,5576.835,0,0.000,1,4,48,0
1873,8120676762.037,8120676776.161,8120682183.053,1523.789,5421.016,3897.227,14.124,3883.103,4578.984,0,0.000,1,4,48,0
1874,8120683939.617,8120683953.728,8120691890.117,1525.197,7950.500,6425.303,14.111,6411.192,2049.500,0,0.000,1,4,48,0
1875,8120691921.092,8120691938.458,8120693463.531,1524.560,1542.439,17.879,17.366,0.513,8457.561,0,0.000,0,4,48,0
1876,8120706475.275,8120706497.336,8120708065.992,1568.242,1590.717,22.475,22.061,0.414,8409.283,0,0.000,0,4,48,0
1877,8120713276.323,8120713290.410,8120717276.149,1506.197,3999.826,2493.629,14.087,2479.542,6000.174,0,0.000,1,4,48,0
1878,8120725846.219,8120725866.130,8120727472.466,1605.809,1626.247,20.438,19.911,0.527,8373.753,0,0.000,0,4,48,0
1879,8120740059.231,8120740092.508,8120741614.615,1520.923,1555.384,34.461,33.277,1.184,8444.616,0,0.000,0,4,48,0
1880,8120750913.400,8120750939.247,8120752468.746,1528.626,1555.346,26.720,25.847,0.873,8444.654,0,0.000,0,4,48,0
1881,8120760723.471,8120760743.767,8120762279.424,1535.169,1555.953,20.784,20.296,0.488,8444.047,0,0.000,0,4,48,0
1882,8120768824.377,8120768846.296,8120770361.807,1515.111,1537.430,22.319,21.919,0.400,8462.570,0,0.000,0,4,48,0
1883,8120782850.926,8120782869.911,8120784411.512,1541.189,1560.586,19.397,18.985,0.412,8439.414,0,0.000,0,4,48,0
1884,8120787991.476,8120788009.958,8120793492.699,1623.547,5501.223,3877.676,18.482,3859.194,4498.777,0,0.000,1,4,48,0
1885,8120797980.741,8120798010.253,8120803430.290,1557.727,5449.549,3891.822,29.512,3862.310,4550.451,0,0.000,1,4,48,0
1886,8120806321.736,8120806341.348,8120812882.208,1590.305,6560.472,4970.167,19.612,4950.555,3439.528,0,0.000,1,4,48,0
1887,8120813600.778,8120813614.639,8120822878.058,1599.795,9277.280,7677.485,13.861,7663.624,722.720,0,0.000,1,4,48,0
1888,8120822294.033,8120822883.462,8120824444.762,1560.808,2150.729,589.921,589.429,0.492,7849.271,0,0.000,0,4,48,0
1889,8120828993.785,8120829012.005,8120833534.099,1668.522,4540.314,2871.792,18.220,2853.572,5459.686,0,0.000,1,4,48,0
1890,8120838413.016,8120838427.696,8120842881.132,1484.734,4468.116,2983.382,14.680,2968.702,5531.884,0,0.000,1,4,48,0
1891,8120844562.068,8120844576.899,8120852945.527,1512.883,8383.459,6870.576,14.831,6855.745,1616.541,0,0.000,1,4,48,0
1892,8120859108.746,8120859129.598,8120860699.996,1569.956,1591.250,21.294,20.852,0.442,8408.750,0,0.000,0,4,48,0
1893,8120872153.002,8120872171.927,8120873682.387,1510.029,1529.385,19.356,18.925,0.431,8470.615,0,0.000,0,4,48,0
1894,8120883857.367,8120883877.314,8120885380.502,1502.706,1523.135,20.429,19.947,0.482,8476.865,0,0.000,0,4,48,0
1895,8120892278.202,8120892298.954,8120893767.928,1468.499,1489.726,21.227,20.752,0.475,8510.274,0,0.000,0,4,48,0
1896,8120903753.673,8120903772.902,8120905362.714,1589.403,1609.041,19.638,19.229,0.409,8390.959,0,0.000,0,4,48,0
1897,8120912586.260,8120912603.726,8120914130.393,1526.256,1544.133,17.877,17.466,0.411,8455.867,0,0.000,0,4,48,0
1898,8120925800.321,8120925819.225,8120927292.278,1472.627,1491.957,19.330,18.904,0.426,8508.043,0,0.000,0,4,48,0
1899,8120931694.485,8120931709.773,8120936064.844,1549.719,4370.359,2820.640,15.288,2805.352,5629.641,0,0.000,1,4,48,0
1900,8120944129.532,8120944149.081,8120945685.742,1536.248,1556.210,19.962,19.549,0.413,8443.790,0,0.000,0,4,48,0
1901,8120951251.365,8120951265.794,8120955043.159,1642.209,3791.794,2149.585,14.429,2135.156,6208.206,0,0.000,1,4,48,0
1902,8120956848.709,8120956864.237,8120964608.971,1610.907,7760.262,6149.355,15.528,6133.827,2239.738,0,0.000,1,4,48,0
1903,8120965095.660,8120965110.867,8120974174.561,1588.598,9078.901,7490.303,15.207,7475.096,921.099,0,0.000,1,4,48,0
1904,8120974136.397,8120974179.279,8120984146.526,1560.383,10010.129,8449.746,42.882,8406.864,-10.129,1,10.129,1,4,48,0
1905,8120982591.042,8120984151.267,8120985638.980,1487.289,3047.938,1560.649,1560.225,0.424,6952.062,0,0.000,0,4,48,0
1906,8120993507.459,8120993528.883,8120995065.842,1536.580,1558.383,21.803,21.424,0.379,8441.617,0,0.000,0,4,48,0
1907,8121002433.310,8121002453.799,8121004016.643,1562.445,1583.333,20.888,20.489,0.399,8416.667,0,0.000,0,4,48,0
1908,8121010526.723,8121010549.028,8121012175.981,1626.523,1649.258,22.735,22.305,0.430,8350.742,0,0.000,0,4,48,0
1909,8121023816.779,8121023836.184,8121025463.477,1626.870,1646.698,19.828,19.405,0.423,8353.302,0,0.000,0,4,48,0
1910,8121032353.083,8121032370.260,8121033928.279,1557.482,1575.196,17.714,17.177,0.537,8424.804,0,0.000,0,4,48,0
1911,8121037880.921,8121037896.283,8121042840.637,1588.478,4959.716,3371.238,15.362,3355.876,5040.284,0,0.000,1,4,48,0
1912,8121051279.550,8121051306.686,8121052777.476,1469.903,1497.926,28.023,27.136,0.887,8502.074,0,0.000,0,4,48,0
1913,8121062399.640,8121062425.270,8121063972.126,1546.225,1572.486,26.261,25.630,0.631,8427.514,0,0.000,0,4,48,0
1914,8121073561.738,8121073581.799,8121075176.125,1593.885,1614.387,20.502,20.061,0.441,8385.613,0,0.000,0,4,48,0
1915,8121082529.547,8121082543.734,8121084011.677,1467.424,1482.130,14.706,14.187,0.519,8517.870,0,0.000,0,4,48,0
1916,8121092290.926,8121092311.696,8121093750.124,1437.940,1459.198,21.258,20.770,0.488,8540.802,0,0.000,0,4,48,0
1917,8121103287.687,8121103307.240,8121104887.821,1580.163,1600.134,19.971,19.553,0.418,8399.866,0,0.000,0,4,48,0
1918,8121113636.537,8121113650.530,8121115152.165,1501.244,1515.628,14.384,13.993,0.391,8484.372,0,0.000,0,4,48,0
1919,8121124453.007,8121124473.380,8121125991.506,1517.707,1538.499,20.792,20.373,0.419,8461.501,0,0.000,0,4,48,0
1920,8121136495.420,8121136515.572,8121138092.485,1576.422,1597.065,20.643,20.152,0.491,8402.935,0,0.000,0,4,48,0
1921,8121146100.766,8121146115.791,8121147600.839,1484.534,1500.073,15.539,15.025,0.514,8499.927,0,0.000,0,4,48,0
1922,8121160333.608,8121160353.260,8121161842.475,1488.791,1508.867,20.076,19.652,0.424,8491.133,0,0.000,0,4,48,0
1923,8121169825.396,8121169844.320,8121171299.786,1455.064,1474.390,19.326,18.924,0.402,8525.610,0,0.000,0,4,48,0
1924,8121179718.977,8121179732.874,8121181245.697,1512.332,1526.720,14.388,13.897,0.491,8473.280,0,0.000,0,4,48,0
1925,8121191862.881,8121191884.687,8121193362.025,1476.940,1499.144,22.204,21.806,0.398,8500.856,0,0.000,0,4,48,0
1926,8121205604.414,8121205623.476,8121207160.992,1537.113,1556.578,19.465,19.062,0.403,8443.422,0,0.000,0,4,48,0
1927,8121219838.011,8121219857.060,8121221414.615,1557.157,1576.604,19.447,19.049,0.398,8423.396,0,0.000,0,4,48,0
1928,8121229684.541,8121229700.055,8121231237.310,1536.843,1552.769,15.926,15.514,0.412,8447.231,0,0.000,0,4,48,0
1929,8121240594.247,8121240612.828,8121242161.331,1548.097,1567.084,18.987,18.581,0.406,8432.916,0,0.000,0,4,48,0
1930,8121248648.868,8121248662.584,8121250248.386,1585.394,1599.518,14.124,13.716,0.408,8400.482,0,0.000,0,4,48,0
1931,8121258524.886,8121258546.543,8121260094.327,1547.337,1569.441,22.104,21.657,0.447,8430.559,0,0.000,0,4,48,0
1932,8121265422.317,8121265441.461,8121269524.746,1554.627,4102.429,2547.802,19.144,2528.658,5897.571,0,0.000,1,4,48,0
1933,8121270835.004,8121270849.152,8121278893.450,1508.484,8058.446,6549.962,14.148,6535.814,1941.554,0,0.000,1,4,48,0
1934,8121281215.517,8121281234.564,8121288539.377,1455.615,7323.860,5868.245,19.047,5849.198,2676.140,0,0.000,1,4,48,0
1935,8121290130.779,8121290151.127,8121291661.539,1509.965,1530.760,20.795,20.348,0.447,8469.240,0,0.000,0,4,48,0
1936,8121296541.165,8121296565.769,8121300347.463,1648.981,3806.298,2157.317,24.604,2132.713,6193.702,0,0.000,1,4,48,0
1937,8121303985.223,8121303998.579,8121310737.083,1603.955,6751.860,5147.905,13.356,5134.549,3248.140,0,0.000,1,4,48,0
1938,8121317333.176,8121317352.136,8121318978.799,1626.228,1645.623,19.395,18.960,0.435,8354.377,0,0.000,0,4,48,0
1939,8121329108.222,8121329129.199,8121330689.160,1559.527,1580.938,21.411,20.977,0.434,8419.062,0,0.000,0,4,48,0
1940,8121340012.746,8121340031.346,8121341531.730,1499.894,1518.984,19.090,18.600,0.490,8481.016,0,0.000,0,4,48,0
1941,8121349050.733,8121349069.212,8121350474.894,1405.246,1424.161,18.915,18.479,0.436,8575.839,0,0.000,0,4,48,0
1942,8121360502.987,8121360522.271,8121362100.405,1577.727,1597.418,19.691,19.284,0.407,8402.582,0,0.000,0,4,48,0
1943,8121375289.465,8121375308.934,8121376813.246,1503.898,1523.781,19.883,19.469,0.414,8476.219,0,0.000,0,4,48,0
1944,8121389993.920,8121390028.114,8121391602.374,1573.748,1608.454,34.706,34.194,0.512,8391.546,0,0.000,0,4,48,0
1945,8121395728.860,8121395744.114,8121400296.571,1550.829,4567.711,3016.882,15.254,3001.628,5432.289,0,0.000,1,4,48,0
1946,8121403802.921,8121403824.536,8121410324.563,1496.401,6521.642,5025.241,21.615,5003.626,3478.358,0,0.000,1,4,48,0
1947,8121413330.462,8121413344.329,8121420011.065,1549.325,6680.603,5131.278,13.867,5117.411,3319.397,0,0.000,1,4,48,0
1948,8121428393.231,8121428413.150,8121429952.547,1538.961,1559.316,20.355,19.919,0.436,8440.684,0,0.000,0,4,48,0
1949,8121438839.392,8121438854.144,8121440361.052,1506.500,1521.660,15.160,14.752,0.408,8478.340,0,0.000,0,4,48,0
1950,8121449857.390,8121449878.006,8121451442.904,1564.458,1585.514,21.056,20.616,0.440,8414.486,0,0.000,0,4,48,0
1951,8121463107.128,8121463127.029,8121464726.317,1598.805,1619.189,20.384,19.901,0.483,8380.811,0,0.000,0,4,48,0
1952,8121471459.066,8121471473.305,8121473027.367,1553.645,1568.301,14.656,14.239,0.417,8431.699,0,0.000,0,4,48,0
1953,8121484896.902,8121484919.215,8121486461.338,1541.464,1564.436,22.972,22.313,0.659,8435.564,0,0.000,0,4,48,0
1954,8121497501.768,8121497520.989,8121499032.236,1510.828,1530.468,19.640,19.221,0.419,8469.532,0,0.000,0,4,48,0
1955,8121507647.210,8121507665.228,8121509258.155,1592.446,1610.945,18.499,18.018,0.481,8389.055,0,0.000,0,4,48,0
1956,8121513733.175,8121513752.810,8121517988.251,1584.551,4255.076,2670.525,19.635,2650.890,5744.924,0,0.000,1,4,48,0
1957,8121523916.466,8121523931.579,8121525420.265,1488.234,1503.799,15.565,15.113,0.452,8496.201,0,0.000,0,4,48,0
1958,8121531684.212,8121531704.380,8121533282.296,1577.469,1598.084,20.615,20.168,0.447,8401.916,0,0.000,0,4,48,0
1959,8121540141.573,8121540160.814,8121541752.423,1591.186,1610.850,19.664,19.241,0.423,8389.150,0,0.000,0,4,48,0
1960,8121545648.705,8121545669.732,8121550367.600,1554.052,4718.895,3164.843,21.027,3143.816,5281.105,0,0.000,1,4,48,0
1961,8121554255.592,8121554270.021,8121560162.998,1477.394,5907.406,4430.012,14.429,4415.583,4092.594,0,0.000,1,4,48,0
1962,8121566048.239,8121566067.426,8121567563.798,1495.966,1515.559,19.593,19.187,0.406,8484.441,0,0.000,0,4,48,0
1963,8121577649.925,8121577670.508,8121579173.035,1502.116,1523.110,20.994,20.583,0.411,8476.890,0,0.000,0,4,48,0
1964,8121590920.741,8121590939.857,8121592508.107,1567.825,1587.366,19.541,19.116,0.425,8412.634,0,0.000,0,4,48,0
1965,8121598683.660,8121598698.383,8121601220.483,1596.953,2536.823,939.870,14.723,925.147,7463.177,0,0.000,1,4,48,0
1966,8121607941.854,8121607957.602,8121609475.907,1517.898,1534.053,16.155,15.748,0.407,8465.947,0,0.000,0,4,48,0
1967,8121613505.418,8121613523.217,8121618952.665,1486.810,5447.247,3960.437,17.799,3942.638,4552.753,0,0.000,1,4,48,0
1968,8121623956.855,8121623970.623,8121625484.773,1513.745,1527.918,14.173,13.768,0.405,8472.082,0,0.000,0,4,48,0
1969,8121631562.709,8121631582.154,8121634056.825,1514.604,2494.116,979.512,19.445,960.067,7505.884,0,0.000,1,4,48,0
1970,8121638563.600,8121638579.330,8121644131.971,1590.458,5568.371,3977.913,15.730,3962.183,4431.629,0,0.000,1,4,48,0
1971,8121651653.606,8121651672.427,8121653092.035,1419.202,1438.429,19.227,18.821,0.406,8561.571,0,0.000,0,4,48,0
1972,8121666408.924,8121666428.025,8121667985.676,1557.209,1576.752,19.543,19.101,0.442,8423.248,0,0.000,0,4,48,0
1973,8121673418.304,8121673438.898,8121677386.706,1535.491,3968.402,2432.911,20.594,2412.317,6031.598,0,0.000,1,4,48,0
1974,8121682390.608,8121682410.652,8121683901.196,1490.139,1510.588,20.449,20.044,0.405,8489.412,0,0.000,0,4,48,0
1975,8121695582.580,8121695601.321,8121697086.979,1485.225,1504.399,19.174,18.741,0.433,8495.601,0,0.000,0,4,48,0
1976,8121709611.513,8121709631.361,8121711287.493,1655.686,1675.980,20.294,19.848,0.446,8324.020,0,0.000,0,4,48,0
1977,8121721336.555,8121721355.988,8121722860.561,1504.151,1524.006,19.855,19.433,0.422,8475.994,0,0.000,0,4,48,0
1978,8121729678.594,8121729696.859,8121731146.444,1449.159,1467.850,18.691,18.265,0.426,8532.150,0,0.000,0,4,48,0
1979,8121740112.524,8121740128.254,8121741688.496,1559.700,1575.972,16.272,15.730,0.542,8424.028,0,0.000,0,4,48,0
1980,8121753899.515,8121753918.539,8121755472.143,1553.179,1572.628,19.449,19.024,0.425,8427.372,0,0.000,0,4,48,0
1981,8121767292.425,8121767317.374,8121768886.795,1568.811,1594.370,25.559,24.949,0.610,8405.630,0,0.000,0,4,48,0
1982,8121777323.873,8121777338.159,8121778810.584,1471.950,1486.711,14.761,14.286,0.475,8513.289,0,0.000,0,4,48,0
1983,8121782765.041,8121782784.088,8121787708.794,1594.258,4943.753,3349.495,19.047,3330.448,5056.247,0,0.000,1,4,48,0
1984,8121797100.673,8121797121.087,8121798587.649,1465.997,1486.976,20.979,20.414,0.565,8513.024,0,0.000,0,4,48,0
1985,8121805793.570,8121805814.576,8121807340.315,1525.180,1546.745,21.565,21.006,0.559,8453.255,0,0.000,0,4,48,0
1986,8121819771.945,8121819794.177,8121821416.182,1621.543,1644.237,22.694,22.232,0.462,8355.763,0,0.000,0,4,48,0
1987,8121834241.327,8121834260.944,8121835758.739,1497.373,1517.412,20.039,19.617,0.422,8482.588,0,0.000,0,4,48,0
1988,8121841639.139,8121841653.596,8121844462.068,1562.949,2822.929,1259.980,14.457,1245.523,7177.071,0,0.000,1,4,48,0
1989,8121851728.890,8121851745.977,8121853300.633,1554.242,1571.743,17.501,17.087,0.414,8428.257,0,0.000,0,4,48,0
1990,8121866547.739,8121866568.731,8121868207.788,1638.524,1660.049,21.525,20.992,0.533,8339.951,0,0.000,0,4,48,0
1991,8121873221.997,8121873237.058,8121877292.512,1502.547,4070.515,2567.968,15.061,2552.907,5929.485,0,0.000,1,4,48,0
1992,8121881797.543,8121881819.147,8121886868.940,1491.786,5071.397,3579.611,21.604,3558.007,4928.603,0,0.000,1,4,48,0
1993,8121891339.009,8121891360.633,8121892920.665,1558.656,1581.656,23.000,21.624,1.376,8418.344,0,0.000,0,4,48,0
1994,8121900203.969,8121900235.396,8121901836.058,1599.772,1632.089,32.317,31.427,0.890,8367.911,0,0.000,0,4,48,0
1995,8121910870.362,8121910894.206,8121912443.337,1548.513,1572.975,24.462,23.844,0.618,8427.025,0,0.000,0,4,48,0
1996,8121923573.537,8121923593.539,8121925247.183,1653.141,1673.646,20.505,20.002,0.503,8326.354,0,0.000,0,4,48,0
1997,8121938124.797,8121938145.591,8121939605.513,1459.378,1480.716,21.338,20.794,0.544,8519.284,0,0.000,0,4,48,0
1998,8121952665.403,8121952686.901,8121954203.445,1516.111,1538.042,21.931,21.498,0.433,8461.958,0,0.000,0,4,48,0
1999,8121966294.084,8121966314.179,8121967953.409,1638.751,1659.325,20.574,20.095,0.479,8340.675,0,0.000,0,4,48,0
2000,8121980251.972,8121980272.568,8121981915.082,1641.744,1663.110,21.366,20.596,0.770,8336.890,0,0.000,0,4,48,0
2001,8121993143.549,8121993166.970,8121994601.187,1433.592,1457.638,24.046,23.421,0.625,8542.362,0,0.000,0,4,48,0
2002,8122001384.386,8122001398.673,8122002956.873,1557.733,1572.487,14.754,14.287,0.467,8427.513,0,0.000,0,4,48,0
2003,8122016408.717,8122016438.173,8122018046.296,1607.258,1637.579,30.321,29.456,0.865,8362.421,0,0.000,0,4,48,0
2004,8122028255.721,8122028276.351,8122029898.141,1621.102,1642.420,21.318,20.630,0.688,8357.580,0,0.000,0,4,48,0
2005,8122043205.528,8122043225.738,8122044796.044,1569.807,1590.516,20.709,20.210,0.499,8409.484,0,0.000,0,4,48,0
2006,8122051760.908,8122051781.935,8122053393.715,1610.939,1632.807,21.868,21.027,0.841,8367.193,0,0.000,0,4,48,0
2007,8122058858.600,8122058880.841,8122062164.644,1517.315,3306.044,1788.729,22.241,1766.488,6693.956,0,0.000,1,4,48,0
2008,8122068874.975,8122068895.829,8122070485.069,1588.712,1610.094,21.382,20.854,0.528,8389.906,0,0.000,0,4,48,0
2009,8122083317.278,8122083338.852,8122084954.244,1614.902,1636.966,22.064,21.574,0.490,8363.034,0,0.000,0,4,48,0
2010,8122092269.403,8122092283.853,8122093793.201,1508.881,1523.798,14.917,14.450,0.467,8476.202,0,0.000,0,4,48,0
2011,8122100190.760,8122100204.058,8122101695.357,1490.890,1504.597,13.707,13.298,0.409,8495.403,0,0.000,0,4,48,0
2012,8122107747.974,8122107762.053,8122109381.976,1619.453,1634.002,14.549,14.079,0.470,8365.998,0,0.000,0,4,48,0
2013,8122114359.881,8122114374.196,8122118728.515,1604.225,4368.634,2764.409,14.315,2750.094,5631.366,0,0.000,1,4,48,0
2014,8122124129.268,8122124149.813,8122125545.186,1394.948,1415.918,20.970,20.545,0.425,8584.082,0,0.000,0,4,48,0
2015,8122136147.028,8122136168.755,8122137697.876,1528.664,1550.848,22.184,21.727,0.457,8449.152,0,0.000,0,4,48,0
2016,8122150724.376,8122150746.094,8122152315.480,1568.891,1591.104,22.213,21.718,0.495,8408.896,0,0.000,0,4,48,0
2017,8122161844.848,8122161865.524,8122163536.762,1670.807,1691.914,21.107,20.676,0.431,8308.086,0,0.000,0,4,48,0
2018,8122173457.051,8122173476.642,8122175029.899,1552.826,1572.848,20.022,19.591,0.431,8427.152,0,0.000,0,4,48,0
2019,8122185550.955,8122185570.727,8122187097.899,1526.784,1546.944,20.160,19.772,0.388,8453.056,0,0.000,0,4,48,0
2020,8122193859.351,8122193878.640,8122195478.147,1599.104,1618.796,19.692,19.289,0.403,8381.204,0,0.000,0,4,48,0
2021,8122199674.207,8122199688.464,8122204158.306,1605.564,4484.099,2878.535,14.257,2864.278,5515.901,0,0.000,1,4,48,0
2022,8122213341.875,8122213362.883,8122214903.870,1540.566,1561.995,21.429,21.008,0.421,8438.005,0,0.000,0,4,48,0
2023,8122227022.336,8122227040.766,8122228551.466,1510.304,1529.130,18.826,18.430,0.396,8470.870,0,0.000,0,4,48,0
2024,8122235559.651,8122235574.948,8122237072.395,1496.912,1512.744,15.832,15.297,0.535,8487.256,0,0.000,0,4,48,0
2025,8122244042.503,8122244056.752,8122245547.165,1489.969,1504.662,14.693,14.249,0.444,8495.338,0,0.000,0,4,48,0
2026,8122253739.341,8122253753.413,8122255228.837,1475.019,1489.496,14.477,14.072,0.405,8510.504,0,0.000,0,4,48,0
2027,8122268432.941,8122268453.362,8122270044.552,1590.764,1611.611,20.847,20.421,0.426,8388.389,0,0.000,0,4,48,0
2028,8122277032.654,8122277047.046,8122278464.074,1416.609,1431.420,14.811,14.392,0.419,8568.580,0,0.000,0,4,48,0
2029,8122289485.164,8122289504.148,8122291009.941,1505.359,1524.777,19.418,18.984,0.434,8475.223,0,0.000,0,4,48,0
2030,8122303913.345,8122303932.260,8122305496.973,1564.311,1583.628,19.317,18.915,0.402,8416.372,0,0.000,0,4,48,0
2031,8122312931.210,8122312945.709,8122314542.812,1596.669,1611.602,14.933,14.499,0.434,8388.398,0,0.000,0,4,48,0
2032,8122324116.301,8122324135.319,8122325599.800,1464.067,1483.499,19.432,19.018,0.414,8516.501,0,0.000,0,4,48,0
2033,8122337499.955,8122337521.181,8122338952.285,1430.696,1452.330,21.634,21.226,0.408,8547.670,0,0.000,0,4,48,0
2034,8122343192.166,8122343206.604,8122348220.637,1510.240,5028.471,3518.231,14.438,3503.793,4971.529,0,0.000,1,4,48,0
2035,8122350760.859,8122350774.906,8122357805.071,1521.495,7044.212,5522.717,14.047,5508.670,2955.788,0,0.000,1,4,48,0
2036,8122360265.410,8122360281.822,8122361836.926,1554.689,1571.516,16.827,16.412,0.415,8428.484,0,0.000,0,4,48,0
2037,8122368757.441,8122368780.062,8122370261.109,1480.647,1503.668,23.021,22.621,0.400,8496.332,0,0.000,0,4,48,0
2038,8122379483.578,8122379502.627,8122381019.339,1516.318,1535.761,19.443,19.049,0.394,8464.239,0,0.000,0,4,48,0
2039,8122388083.408,8122388097.651,8122389653.841,1555.788,1570.433,14.645,14.243,0.402,8429.567,0,0.000,0,4,48,0
2040,8122400260.277,8122400281.418,8122401781.892,1500.064,1521.615,21.551,21.141,0.410,8478.385,0,0.000,0,4,48,0
2041,8122407755.868,8122407774.810,8122410547.358,1508.065,2791.490,1283.425,18.942,1264.483,7208.510,0,0.000,1,4,48,0
2042,8122413720.966,8122413735.140,8122420447.178,1438.665,6726.212,5287.547,14.174,5273.373,3273.788,0,0.000,1,4,48,0
2043,8122420967.078,8122420979.447,8122430288.474,1531.112,9321.396,7790.284,12.369,7777.915,678.604,0,0.000,1,4,48,0
2044,8122427221.062,8122430293.031,8122431805.780,1512.289,4584.718,3072.429,3071.969,0.460,5415.282,0,0.000,0,4,48,0
2045,8122437624.674,8122437650.124,8122440487.118,1572.687,2862.444,1289.757,25.450,1264.307,7137.556,0,0.000,1,4,48,0
2046,8122448459.566,8122448479.173,8122449969.655,1490.053,1510.089,20.036,19.607,0.429,8489.911,0,0.000,0,4,48,0
2047,8122457172.308,8122457186.105,8122458627.958,1441.344,1455.650,14.306,13.797,0.509,8544.350,0,0.000,0,4,48,0
2048,8122469635.444,8122469656.450,8122471142.974,1486.090,1507.530,21.440,21.006,0.434,8492.470,0,0.000,0,4,48,0
2049,8122482783.518,8122482803.275,8122484378.735,1575.027,1595.217,20.190,19.757,0.433,8404.783,0,0.000,0,4,48,0
2050,8122495460.818,8122495482.094,8122497066.212,1583.697,1605.394,21.697,21.276,0.421,8394.606,0,0.000,0,4,48,0
2051,8122503457.154,8122503476.775,8122506439.177,1497.015,2982.023,1485.008,19.621,1465.387,7017.977,0,0.000,1,4,48,0
2052,8122513929.809,8122513943.294,8122515436.443,1492.745,1506.634,13.889,13.485,0.404,8493.366,0,0.000,0,4,48,0
2053,8122526139.496,8122526158.740,8122527730.427,1571.242,1590.931,19.689,19.244,0.445,8409.069,0,0.000,0,4,48,0
2054,8122531213.995,8122531230.268,8122536953.344,1571.161,5739.349,4168.188,16.273,4151.915,4260.651,0,0.000,1,4,48,0
2055,8122540635.777,8122540650.008,8122546311.228,1516.099,5675.451,4159.352,14.231,4145.121,4324.549,0,0.000,1,4,48,0
2056,8122551195.903,8122551215.040,8122552790.620,1575.157,1594.717,19.560,19.137,0.423,8405.283,0,0.000,0,4,48,0
2057,8122559247.868,8122559261.708,8122560827.919,1565.787,1580.051,14.264,13.840,0.424,8419.949,0,0.000,0,4,48,0
2058,8122568699.344,8122568712.664,8122570255.715,1542.650,1556.371,13.721,13.320,0.401,8443.629,0,0.000,0,4,48,0
2059,8122576914.931,8122576935.891,8122578502.829,1566.520,1587.898,21.378,20.960,0.418,8412.102,0,0.000,0,4,48,0
2060,8122585608.766,8122585631.629,8122587173.312,1541.199,1564.546,23.347,22.863,0.484,8435.454,0,0.000,0,4,48,0
2061,8122600491.321,8122600512.674,8122602141.902,1628.739,1650.581,21.842,21.353,0.489,8349.419,0,0.000,0,4,48,0
2062,8122607910.599,8122607928.427,8122610930.518,1506.753,3019.919,1513.166,17.828,1495.338,6980.081,0,0.000,1,4,48,0
2063,8122621461.711,8122621480.568,8122623066.928,1585.884,1605.217,19.333,18.857,0.476,8394.783,0,0.000,0,4,48,0
2064,8122628682.464,8122628696.571,8122631642.302,1480.061,2959.838,1479.777,14.107,1465.670,7040.162,0,0.000,1,4,48,0
2065,8122641501.192,8122641520.633,8122643099.310,1578.259,1598.118,19.859,19.441,0.418,8401.882,0,0.000,0,4,48,0
2066,8122654659.441,8122654678.498,8122656245.641,1566.743,1586.200,19.457,19.057,0.400,8413.800,0,0.000,0,4,48,0
2067,8122662944.160,8122662960.686,8122664528.215,1567.086,1584.055,16.969,16.526,0.443,8415.945,0,0.000,0,4,48,0
2068,8122670855.689,8122670870.655,8122673415.300,1595.508,2559.611,964.103,14.966,949.137,7440.389,0,0.000,1,4,48,0
2069,8122676159.101,8122676180.078,8122683660.618,1532.540,7501.517,5968.977,20.977,5948.000,2498.483,0,0.000,1,4,48,0
2070,8122688277.411,8122688296.663,8122689773.545,1476.480,1496.134,19.654,19.252,0.402,8503.866,0,0.000,0,4,48,0
2071,8122702122.007,8122702140.974,8122703614.558,1473.183,1492.551,19.368,18.967,0.401,8507.449,0,0.000,0,4,48,0
2072,8122709610.340,8122709629.901,8122711151.064,1520.759,1540.724,19.965,19.561,0.404,8459.276,0,0.000,0,4,48,0
2073,8122723676.397,8122723697.526,8122725221.243,1523.311,1544.846,21.535,21.129,0.406,8455.154,0,0.000,0,4,48,0
2074,8122734612.624,8122734631.361,8122736195.009,1563.172,1582.385,19.213,18.737,0.476,8417.615,0,0.000,0,4,48,0
2075,8122743161.393,8122743187.644,8122744790.069,1601.426,1628.676,27.250,26.251,0.999,8371.324,0,0.000,0,4,48,0
2076,8122752843.293,8122752866.477,8122754439.434,1572.060,1596.141,24.081,23.184,0.897,8403.859,0,0.000,0,4,48,0
2077,8122765700.839,8122765722.004,8122767251.728,1529.226,1550.889,21.663,21.165,0.498,8449.111,0,0.000,0,4,48,0
2078,8122777814.058,8122777833.857,8122779298.244,1463.806,1484.186,20.380,19.799,0.581,8515.814,0,0.000,0,4,48,0
2079,8122787583.891,8122787604.951,8122789182.815,1577.442,1598.924,21.482,21.060,0.422,8401.076,0,0.000,0,4,48,0
2080,8122794374.682,8122794394.067,8122798514.449,1533.811,4139.767,2605.956,19.385,2586.571,5860.233,0,0.000,1,4,48,0
2081,8122800186.862,8122800201.109,8122807600.325,1505.563,7413.463,5907.900,14.247,5893.653,2586.537,0,0.000,1,4,48,0
2082,8122807542.360,8122807609.578,8122817681.098,1483.280,10138.738,8655.458,67.218,8588.240,-138.738,1,138.738,1,4,48,0
2083,8122814263.233,8122817685.431,8122819253.872,1568.049,4990.639,3422.590,3422.198,0.392,5009.361,0,0.000,0,4,48,0
2084,8122819643.009,8122819655.686,8122828778.710,1526.525,9135.701,7609.176,12.677,7596.499,864.299,0,0.000,1,4,48,0
2085,8122825840.284,8122828782.734,8122837933.527,1541.485,12093.243,10551.758,2942.450,7609.308,-2093.243,1,2093.243,1,4,48,0
2086,8122837835.390,8122837938.870,8122847598.884,1437.280,9763.494,8326.214,103.480,8222.734,236.506,0,0.000,1,4,48,0
2087,8122842904.932,8122847605.863,8122849139.374,1533.065,6234.442,4701.377,4700.931,0.446,3765.558,0,0.000,0,4,48,0
2088,8122856674.035,8122856697.148,8122858251.499,1553.845,1577.464,23.619,23.113,0.506,8422.536,0,0.000,0,4,48,0
2089,8122871571.646,8122871591.263,8122873138.545,1546.800,1566.899,20.099,19.617,0.482,8433.101,0,0.000,0,4,48,0
2090,8122884933.631,8122884953.313,8122886414.672,1460.953,1481.041,20.088,19.682,0.406,8518.959,0,0.000,0,4,48,0
2091,8122894812.430,8122894826.138,8122896364.322,1537.767,1551.892,14.125,13.708,0.417,8448.108,0,0.000,0,4,48,0
2092,8122908793.090,8122908812.058,8122910334.418,1521.964,1541.328,19.364,18.968,0.396,8458.672,0,0.000,0,4,48,0
2093,8122921694.987,8122921717.120,8122923243.293,1525.775,1548.306,22.531,22.133,0.398,8451.694,0,0.000,0,4,48,0
2094,8122935037.517,8122935056.882,8122936566.853,1509.572,1529.336,19.764,19.365,0.399,8470.664,0,0.000,0,4,48,0
2095,8122943311.449,8122943332.354,8122944805.761,1472.898,1494.312,21.414,20.905,0.509,8505.688,0,0.000,0,4,48,0
2096,8122954226.842,8122954245.855,8122955797.055,1550.800,1570.213,19.413,19.013,0.400,8429.787,0,0.000,0,4,48,0
2097,8122962329.432,8122962345.340,8122963855.807,1510.051,1526.375,16.324,15.908,0.416,8473.625,0,0.000,0,4,48,0
2098,8122967602.673,8122967616.428,8122972490.543,1539.899,4887.870,3347.971,13.755,3334.216,5112.130,0,0.000,1,4,48,0
2099,8122982061.051,8122982083.120,8122983669.442,1585.848,1608.391,22.543,22.069,0.474,8391.609,0,0.000,0,4,48,0
2100,8122988947.009,8122988961.413,8122992573.763,1546.734,3626.754,2080.020,14.404,2065.616,6373.246,0,0.000,1,4,48,0
2101,8122997609.885,8122997625.506,8123002244.066,1552.097,4634.181,3082.084,15.621,3066.463,5365.819,0,0.000,1,4,48,0
2102,8123003546.465,8123003568.912,8123012141.315,1493.496,8594.850,7101.354,22.447,7078.907,1405.150,0,0.000,1,4,48,0
2103,8123010481.141,8123012146.126,8123013605.928,1459.422,3124.787,1665.365,1664.985,0.380,6875.213,0,0.000,0,4,48,0
2104,8123023582.553,8123023602.563,8123025100.535,1497.554,1517.982,20.428,20.010,0.418,8482.018,0,0.000,0,4,48,0
2105,8123034569.540,8123034588.672,8123036176.183,1587.107,1606.643,19.536,19.132,0.404,8393.357,0,0.000,0,4,48,0
2106,8123044783.171,8123044803.358,8123046340.952,1537.169,1557.781,20.612,20.187,0.425,8442.219,0,0.000,0,4,48,0
2107,8123050543.582,8123050562.698,8123055830.331,1473.923,5286.749,3812.826,19.116,3793.710,4713.251,0,0.000,1,4,48,0
2108,8123058779.015,8123058806.071,8123065236.883,1629.967,6457.868,4827.901,27.056,4800.845,3542.132,0,0.000,1,4,48,0
2109,8123065310.244,8123065323.569,8123074804.218,1588.590,9493.974,7905.384,13.325,7892.059,506.026,0,0.000,1,4,48,0
2110,8123079584.249,8123079604.994,8123081175.362,1569.897,1591.113,21.216,20.745,0.471,8408.887,0,0.000,0,4,48,0
2111,8123086323.774,8123086339.914,8123090424.091,1495.651,4100.317,2604.666,16.140,2588.526,5899.683,0,0.000,1,4,48,0
2112,8123101435.985,8123101455.565,8123102970.829,1514.748,1534.844,20.096,19.580,0.516,8465.156,0,0.000,0,4,48,0
2113,8123112443.942,8123112465.772,8123114097.833,1631.565,1653.891,22.326,21.830,0.496,8346.109,0,0.000,0,4,48,0
2114,8123118447.854,8123118463.805,8123123478.417,1550.937,5030.563,3479.626,15.951,3463.675,4969.437,0,0.000,1,4,48,0
2115,8123133210.275,8123133229.525,8123134756.521,1526.543,1546.246,19.703,19.250,0.453,8453.754,0,0.000,0,4,48,0
2116,8123147965.528,8123147985.966,8123149619.106,1632.474,1653.578,21.104,20.438,0.666,8346.422,0,0.000,0,4,48,0
2117,8123158379.243,8123158398.701,8123159944.596,1545.325,1565.353,20.028,19.458,0.570,8434.647,0,0.000,0,4,48,0
2118,8123173216.943,8123173238.961,8123174857.741,1618.261,1640.798,22.537,22.018,0.519,8359.202,0,0.000,0,4,48,0
2119,8123187368.943,8123187388.355,8123188862.927,1474.118,1493.984,19.866,19.412,0.454,8506.016,0,0.000,0,4,48,0
2120,8123192629.477,8123192649.739,8123197498.354,1475.008,4868.877,3393.869,20.262,3373.607,5131.123,0,0.000,1,4,48,0
2121,8123205473.451,8123205492.791,8123206973.914,1480.618,1500.463,19.845,19.340,0.505,8499.537,0,0.000,0,4,48,0
2122,8123218088.397,8123218107.302,8123219652.794,1545.088,1564.397,19.309,18.905,0.404,8435.603,0,0.000,0,4,48,0
2123,8123225783.862,8123225798.660,8123228451.271,1560.339,2667.409,1107.070,14.798,1092.272,7332.591,0,0.000,1,4,48,0
2124,8123233287.677,8123233304.790,8123238104.507,1537.632,4816.830,3279.198,17.113,3262.085,5183.170,0,0.000,1,4,48,0
2125,8123245111.078,8123245129.782,8123246673.357,1543.146,1562.279,19.133,18.704,0.429,8437.721,0,0.000,0,4,48,0
2126,8123253252.454,8123253267.073,8123254755.025,1487.539,1502.571,15.032,14.619,0.413,8497.429,0,0.000,0,4,48,0
2127,8123267321.726,8123267341.210,8123268977.580,1635.897,1655.854,19.957,19.484,0.473,8344.146,0,0.000,0,4,48,0
2128,8123273689.870,8123273704.236,8123277547.565,1517.256,3857.695,2340.439,14.366,2326.073,6142.305,0,0.000,1,4,48,0
2129,8123281105.542,8123281125.768,8123287970.727,1518.266,6865.185,5346.919,20.226,5326.693,3134.815,0,0.000,1,4,48,0
2130,8123295071.374,8123295092.067,8123296539.800,1447.306,1468.426,21.120,20.693,0.427,8531.574,0,0.000,0,4,48,0
2131,8123304993.128,8123305014.781,8123306521.914,1506.599,1528.786,22.187,21.653,0.534,8471.214,0,0.000,0,4,48,0
2132,8123310665.383,8123310678.980,8123315206.308,1528.514,4540.925,3012.411,13.597,2998.814,5459.075,0,0.000,1,4,48,0
2133,8123318947.016,8123318967.392,8123325526.199,1560.030,6579.183,5019.153,20.376,4998.777,3420.817,0,0.000,1,4,48,0
2134,8123333430.907,8123333450.317,8123335014.030,1563.292,1583.123,19.831,19.410,0.421,8416.877,0,0.000,0,4,48,0
2135,8123339018.577,8123339036.124,8123343989.731,1519.590,4971.154,3451.564,17.547,3434.017,5028.846,0,0.000,1,4,48,0
2136,8123348040.913,8123348055.548,8123354065.772,1561.163,6024.859,4463.696,14.635,4449.061,3975.141,0,0.000,1,4,48,0
2137,8123362756.980,8123362777.731,8123364372.742,1594.596,1615.762,21.166,20.751,0.415,8384.238,0,0.000,0,4,48,0
2138,8123373775.232,8123373794.509,8123375291.763,1496.823,1516.531,19.708,19.277,0.431,8483.469,0,0.000,0,4,48,0
2139,8123387907.050,8123387926.651,8123389531.112,1604.046,1624.062,20.016,19.601,0.415,8375.938,0,0.000,0,4,48,0
2140,8123395935.962,8123395950.524,8123398349.893,1486.048,2413.931,927.883,14.562,913.321,7586.069,0,0.000,1,4,48,0
2141,8123405204.744,8123405224.536,8123406772.083,1547.055,1567.339,20.284,19.792,0.492,8432.661,0,0.000,0,4,48,0
2142,8123410641.181,8123410655.139,8123415388.328,1527.577,4747.147,3219.570,13.958,3205.612,5252.853,0,0.000,1,4,48,0
2143,8123418800.968,8123418814.885,8123425521.249,1497.205,6720.281,5223.076,13.917,5209.159,3279.719,0,0.000,1,4,48,0
2144,8123431282.955,8123431302.156,8123432846.762,1544.194,1563.807,19.613,19.201,0.412,8436.193,0,0.000,0,4,48,0
2145,8123436610.852,8123436631.236,8123441544.209,1626.258,4933.357,3307.099,20.384,3286.715,5066.643,0,0.000,1,4,48,0
2146,8123451362.875,8123451382.039,8123452975.721,1593.190,1612.846,19.656,19.164,0.492,8387.154,0,0.000,0,4,48,0
2147,8123459130.554,8123459144.673,8123462010.929,1499.766,2880.375,1380.609,14.119,1366.490,7119.625,0,0.000,1,4,48,0
2148,8123471309.937,8123471329.182,8123472818.381,1488.788,1508.444,19.656,19.245,0.411,8491.556,0,0.000,0,4,48,0
2149,8123481460.170,8123481474.075,8123483118.037,1643.551,1657.867,14.316,13.905,0.411,8342.133,0,0.000,0,4,48,0
2150,8123496572.242,8123496593.500,8123498209.439,1615.511,1637.197,21.686,21.258,0.428,8362.803,0,0.000,0,4,48,0
2151,8123510958.856,8123510978.016,8123512445.902,1467.479,1487.046,19.567,19.160,0.407,8512.954,0,0.000,0,4,48,0
2152,8123517585.078,8123517603.166,8123521112.534,1546.232,3527.456,1981.224,18.088,1963.136,6472.544,0,0.000,1,4,48,0
2153,8123532544.403,8123532563.517,8123534066.925,1502.967,1522.522,19.555,19.114,0.441,8477.478,0,0.000,0,4,48,0
2154,8123546153.227,8123546171.975,8123547719.779,1547.256,1566.552,19.296,18.748,0.548,8433.448,0,0.000,0,4,48,0
2155,8123559065.774,8123559086.443,8123560618.899,1532.039,1553.125,21.086,20.669,0.417,8446.875,0,0.000,0,4,48,0
2156,8123564563.403,8123564577.778,8123569202.154,1555.150,4638.751,3083.601,14.375,3069.226,5361.249,0,0.000,1,4,48,0
2157,8123577579.676,8123577598.880,8123579211.489,1612.202,1631.813,19.611,19.204,0.407,8368.187,0,0.000,0,4,48,0
2158,8123585265.988,8123585284.154,8123588439.704,1572.643,3173.716,1601.073,18.166,1582.907,6826.284,0,0.000,1,4,48,0
2159,8123598643.835,8123598663.469,8123600248.764,1584.870,1604.929,20.059,19.634,0.425,8395.071,0,0.000,0,4,48,0
2160,8123610061.058,8123610080.953,8123611640.590,1559.143,1579.532,20.389,19.895,0.494,8420.468,0,0.000,0,4,48,0
2161,8123622007.950,8123622028.816,8123623593.994,1564.746,1586.044,21.298,20.866,0.432,8413.956,0,0.000,0,4,48,0
2162,8123635804.297,8123635823.411,8123637396.870,1573.030,1592.573,19.543,19.114,0.429,8407.427,0,0.000,0,4,48,0
2163,8123643373.067,8123643387.779,8123646701.857,1506.197,3328.790,1822.593,14.712,1807.881,6671.210,0,0.000,1,4,48,0
2164,8123657625.496,8123657647.181,8123659131.241,1483.618,1505.745,22.127,21.685,0.442,8494.255,0,0.000,0,4,48,0
2165,8123669820.213,8123669838.869,8123671377.823,1538.559,1557.610,19.051,18.656,0.395,8442.390,0,0.000,0,4,48,0
2166,8123684484.541,8123684505.752,8123686067.424,1561.263,1582.883,21.620,21.211,0.409,8417.117,0,0.000,0,4,48,0
2167,8123689623.802,8123689638.852,8123694646.534,1519.243,5022.732,3503.489,15.050,3488.439,4977.268,0,0.000,1,4,48,0
2168,8123700632.803,8123700652.124,8123702287.894,1635.349,1655.091,19.742,19.321,0.421,8344.909,0,0.000,0,4,48,0
2169,8123705861.063,8123705882.131,8123710984.297,1457.214,5123.234,3666.020,21.068,3644.952,4876.766,0,0.000,1,4,48,0
2170,8123719330.886,8123719349.967,8123720874.281,1523.902,1543.395,19.493,19.081,0.412,8456.605,0,0.000,0,4,48,0
2171,8123727330.507,8123727344.285,8123728864.685,1519.973,1534.178,14.205,13.778,0.427,8465.822,0,0.000,0,4,48,0
2172,8123732511.302,8123732532.116,8123738420.719,1553.001,5909.417,4356.416,20.814,4335.602,4090.583,0,0.000,1,4,48,0
2173,8123738749.937,8123738766.351,8123747683.066,1568.055,8933.129,7365.074,16.414,7348.660,1066.871,0,0.000,1,4,48,0
2174,8123747611.830,8123747688.844,8123757608.355,1574.240,9996.525,8422.285,77.014,8345.271,3.475,0,0.000,1,4,48,0
2175,8123762491.695,8123762511.288,8123764054.711,1542.926,1563.016,20.090,19.593,0.497,8436.984,0,0.000,0,4,48,0
2176,8123768188.023,8123768203.169,8123773231.168,1530.905,5043.145,3512.240,15.146,3497.094,4956.855,0,0.000,1,4,48,0
2177,8123779315.707,8123779334.899,8123780837.348,1502.010,1521.641,19.631,19.192,0.439,8478.359,0,0.000,0,4,48,0
2178,8123785110.144,8123785129.606,8123790032.559,1576.801,4922.415,3345.614,19.462,3326.152,5077.585,0,0.000,1,4,48,0
2179,8123790632.412,8123790653.315,8123799535.522,1560.481,8903.110,7342.629,20.903,7321.726,1096.890,0,0.000,1,4,48,0
2180,8123798807.722,8123799539.706,8123809354.167,1494.151,10546.445,9052.294,731.984,8320.310,-546.445,1,546.445,1,4,48,0
2181,8123811775.844,8123811794.808,8123813373.843,1578.539,1597.999,19.460,18.964,0.496,8402.001,0,0.000,0,4,48,0
2182,8123819173.718,8123819187.584,8123822546.746,1579.968,3373.028,1793.060,13.866,1779.194,6626.972,0,0.000,1,4,48,0
2183,8123827522.849,8123827537.176,8123831853.355,1536.654,4330.506,2793.852,14.327,2779.525,5669.494,0,0.000,1,4,48,0
2184,8123839363.131,8123839387.472,8123840929.720,1541.531,1566.589,25.058,24.341,0.717,8433.411,0,0.000,0,4,48,0
2185,8123851383.678,8123851406.315,8123852886.240,1479.355,1502.562,23.207,22.637,0.570,8497.438,0,0.000,0,4,48,0
2186,8123859182.459,8123859196.243,8123860687.061,1490.396,1504.602,14.206,13.784,0.422,8495.398,0,0.000,0,4,48,0
2187,8123873184.577,8123873206.226,8123874791.151,1584.505,1606.574,22.069,21.649,0.420,8393.426,0,0.000,0,4,48,0
2188,8123884478.595,8123884497.954,8123885993.329,1494.943,1514.734,19.791,19.359,0.432,8485.266,0,0.000,0,4,48,0
2189,8123899194.134,8123899214.110,8123900665.606,1451.085,1471.472,20.387,19.976,0.411,8528.528,0,0.000,0,4,48,0
2190,8123908646.301,8123908667.883,8123910175.520,1507.201,1529.219,22.018,21.582,0.436,8470.781,0,0.000,0,4,48,0
2191,8123922294.616,8123922313.683,8123923859.944,1545.846,1565.328,19.482,19.067,0.415,8434.672,0,0.000,0,4,48,0
2192,8123935015.094,8123935035.678,8123936545.913,1509.804,1530.819,21.015,20.584,0.431,8469.181,0,0.000,0,4,48,0
2193,8123945923.244,8123945944.161,8123947524.966,1580.375,1601.722,21.347,20.917,0.430,8398.278,0,0.000,0,4,48,0
2194,8123951100.612,8123951120.210,8123956623.624,1561.961,5523.012,3961.051,19.598,3941.453,4476.988,0,0.000,1,4,48,0
2195,8123957838.297,8123957852.466,8123966340.022,1547.942,8501.725,6953.783,14.169,6939.614,1498.275,0,0.000,1,4,48,0
2196,8123963386.353,8123966344.456,8123975940.563,1586.311,12554.210,10967.899,2958.103,8009.796,-2554.210,1,2554.210,1,4,48,0
2197,8123974313.342,8123975959.579,8123977469.354,1509.363,3156.012,1646.649,1646.237,0.412,6843.988,0,0.000,0,4,48,0
2198,8123988301.561,8123988321.492,8123989821.821,1499.915,1520.260,20.345,19.931,0.414,8479.740,0,0.000,0,4,48,0
2199,8123994353.463,8123994372.205,8123999190.311,1512.253,4836.848,3324.595,18.742,3305.853,5163.152,0,0.000,1,4,48,0
2200,8124002610.753,8124002625.484,8124008552.966,1604.928,5942.213,4337.285,14.731,4322.554,4057.787,0,0.000,1,4,48,0
2201,8124009629.435,8124009643.583,8124018575.927,1626.479,8946.492,7320.013,14.148,7305.865,1053.508,0,0.000,1,4,48,0
2202,8124022949.728,8124022971.112,8124024528.632,1557.010,1578.904,21.894,21.384,0.510,8421.096,0,0.000,0,4,48,0
2203,8124035107.214,8124035127.761,8124036643.782,1515.506,1536.568,21.062,20.547,0.515,8463.432,0,0.000,0,4,48,0
2204,8124044258.659,8124044279.035,8124045848.666,1569.108,1590.007,20.899,20.376,0.523,8409.993,0,0.000,0,4,48,0
2205,8124050404.617,8124050419.385,8124055196.034,1505.375,4791.417,3286.042,14.768,3271.274,5208.583,0,0.000,1,4,48,0
2206,8124061241.082,8124061265.618,8124062809.078,1542.869,1567.996,25.127,24.536,0.591,8432.004,0,0.000,0,4,48,0
2207,8124066875.274,8124066890.170,8124071696.311,1559.812,4821.037,3261.225,14.896,3246.329,5178.963,0,0.000,1,4,48,0
2208,8124079990.707,8124080014.326,8124081663.281,1648.397,1672.574,24.177,23.619,0.558,8327.426,0,0.000,0,4,48,0
2209,8124087333.091,8124087349.388,8124090813.630,1467.578,3480.539,2012.961,16.297,1996.664,6519.461,0,0.000,1,4,48,0
2210,8124093899.188,8124093913.531,8124100495.074,1567.442,6595.886,5028.444,14.343,5014.101,3404.114,0,0.000,1,4,48,0
2211,8124100415.131,8124100499.499,8124110082.025,1554.866,9666.894,8112.028,84.368,8027.660,333.106,0,0.000,1,4,48,0
2212,8124111754.195,8124111774.195,8124113265.897,1491.223,1511.702,20.479,20.000,0.479,8488.298,0,0.000,0,4,48,0
2213,8124125833.846,8124125856.204,8124127475.318,1618.634,1641.472,22.838,22.358,0.480,8358.528,0,0.000,0,4,48,0
2214,8124137782.883,8124137802.272,8124139318.821,1516.154,1535.938,19.784,19.389,0.395,8464.062,0,0.000,0,4,48,0
2215,8124148780.422,8124148799.977,8124150356.426,1556.040,1576.004,19.964,19.555,0.409,8423.996,0,0.000,0,4,48,0
2216,8124159726.586,8124159746.023,8124161227.363,1480.924,1500.777,19.853,19.437,0.416,8499.223,0,0.000,0,4,48,0
2217,8124169773.579,8124169788.862,8124171399.319,1610.035,1625.740,15.705,15.283,0.422,8374.260,0,0.000,0,4,48,0
2218,8124178691.704,8124178711.835,8124180294.130,1581.856,1602.426,20.570,20.131,0.439,8397.574,0,0.000,0,4,48,0
2219,8124186879.072,8124186898.899,8124188407.286,1507.992,1528.214,20.222,19.827,0.395,8471.786,0,0.000,0,4,48,0
2220,8124195526.716,8124195541.406,8124197150.231,1608.347,1623.515,15.168,14.690,0.478,8376.485,0,0.000,0,4,48,0
2221,8124200737.416,8124200750.813,8124205859.472,1577.306,5122.056,3544.750,13.397,3531.353,4877.944,0,0.000,1,4,48,0
2222,8124211438.582,8124211458.995,8124215543.006,1532.725,4104.424,2571.699,20.413,2551.286,5895.576,0,0.000,1,4,48,0
2223,8124225907.009,8124225926.118,8124227366.399,1439.843,1459.390,19.547,19.109,0.438,8540.610,0,0.000,0,4,48,0
2224,8124237734.328,8124237753.576,8124239423.521,1669.545,1689.193,19.648,19.248,0.400,8310.807,0,0.000,0,4,48,0
2225,8124247069.159,8124247085.720,8124248664.261,1578.040,1595.102,17.062,16.561,0.501,8404.898,0,0.000,0,4,48,0
2226,8124257257.629,8124257275.629,8124258913.191,1637.143,1655.562,18.419,18.000,0.419,8344.438,0,0.000,0,4,48,0
2227,8124269559.371,8124269578.566,8124271047.312,1468.321,1487.941,19.620,19.195,0.425,8512.059,0,0.000,0,4,48,0
2228,8124281960.925,8124281980.322,8124283529.182,1548.448,1568.257,19.809,19.397,0.412,8431.743,0,0.000,0,4,48,0
2229,8124295784.305,8124295803.720,8124297349.700,1545.570,1565.395,19.825,19.415,0.410,8434.605,0,0.000,0,4,48,0
2230,8124305742.771,8124305762.781,8124307335.396,1572.209,1592.625,20.416,20.010,0.406,8407.375,0,0.000,0,4,48,0
2231,8124314092.971,8124314111.739,8124315559.928,1447.779,1466.957,19.178,18.768,0.410,8533.043,0,0.000,0,4,48,0
2232,8124320771.365,8124320785.988,8124324379.749,1496.164,3608.384,2112.220,14.623,2097.597,6391.616,0,0.000,1,4,48,0
2233,8124330656.157,8124330669.424,8124332163.325,1493.492,1507.168,13.676,13.267,0.409,8492.832,0,0.000,0,4,48,0
2234,8124343675.648,8124343694.823,8124345206.302,1510.997,1530.654,19.657,19.175,0.482,8469.346,0,0.000,0,4,48,0
2235,8124354765.501,8124354784.778,8124356402.784,1617.617,1637.283,19.666,19.277,0.389,8362.717,0,0.000,0,4,48,0
2236,8124364317.931,8124364331.274,8124365815.153,1483.482,1497.222,13.740,13.343,0.397,8502.778,0,0.000,0,4,48,0
2237,8124379024.151,8124379045.581,8124380611.765,1565.703,1587.614,21.911,21.430,0.481,8412.386,0,0.000,0,4,48,0
2238,8124389242.834,8124389259.321,8124390810.346,1550.622,1567.512,16.890,16.487,0.403,8432.488,0,0.000,0,4,48,0
2239,8124402432.352,8124402451.684,8124403929.536,1477.440,1497.184,19.744,19.332,0.412,8502.816,0,0.000,0,4,48,0
2240,8124413379.327,8124413398.656,8124415019.869,1620.725,1640.542,19.817,19.329,0.488,8359.458,0,0.000,0,4,48,0
2241,8124426475.005,8124426494.410,8124427988.458,1493.513,1513.453,19.940,19.405,0.535,8486.547,0,0.000,0,4,48,0
2242,8124433136.979,8124433152.047,8124437162.304,1530.777,4025.325,2494.548,15.068,2479.480,5974.675,0,0.000,1,4,48,0
2243,8124443182.595,8124443204.112,8124444597.687,1393.130,1415.092,21.962,21.517,0.445,8584.908,0,0.000,0,4,48,0
2244,8124450924.236,8124450941.536,8124452396.240,1454.288,1472.004,17.716,17.300,0.416,8527.996,0,0.000,0,4,48,0
2245,8124460008.222,8124460028.590,8124461576.892,1547.877,1568.670,20.793,20.368,0.425,8431.330,0,0.000,0,4,48,0
2246,8124473670.923,8124473689.924,8124475233.884,1543.541,1562.961,19.420,19.001,0.419,8437.039,0,0.000,0,4,48,0
2247,8124486091.616,8124486110.347,8124487687.776,1576.947,1596.160,19.213,18.731,0.482,8403.840,0,0.000,0,4,48,0
2248,8124498072.378,8124498092.067,8124499642.562,1549.922,1570.184,20.262,19.689,0.573,8429.816,0,0.000,0,4,48,0
2249,8124510554.814,8124510576.680,8124512190.940,1613.749,1636.126,22.377,21.866,0.511,8363.874,0,0.000,0,4,48,0
2250,8124521306.908,8124521326.233,8124522921.920,1595.276,1615.012,19.736,19.325,0.411,8384.988,0,0.000,0,4,48,0
2251,8124530885.659,8124530899.328,8124532432.328,1532.614,1546.669,14.055,13.669,0.386,8453.331,0,0.000,0,4,48,0
2252,8124540406.281,8124540427.966,8124541961.852,1533.451,1555.571,22.120,21.685,0.435,8444.429,0,0.000,0,4,48,0
2253,8124546933.008,8124546953.573,8124550892.106,1530.173,3959.098,2428.925,20.565,2408.360,6040.902,0,0.000,1,4,48,0
2254,8124554549.858,8124554563.391,8124560512.823,1521.831,5962.965,4441.134,13.533,4427.601,4037.035,0,0.000,1,4,48,0
2255,8124560440.303,8124560517.247,8124570493.693,1561.052,10053.390,8492.338,76.944,8415.394,-53.390,1,53.390,1,4,48,0
2256,8124572219.265,8124572240.691,8124573720.745,1479.557,1501.480,21.923,21.426,0.497,8498.520,0,0.000,0,4,48,0
2257,8124583606.054,8124583625.760,8124585178.427,1552.178,1572.373,20.195,19.706,0.489,8427.627,0,0.000,0,4,48,0
2258,8124597553.540,8124597572.864,8124599187.383,1614.107,1633.843,19.736,19.324,0.412,8366.157,0,0.000,0,4,48,0
2259,8124611275.710,8124611294.974,8124612787.894,1492.516,1512.184,19.668,19.264,0.404,8487.816,0,0.000,0,4,48,0
2260,8124617350.872,8124617366.487,8124622212.403,1564.998,4861.531,3296.533,15.615,3280.918,5138.469,0,0.000,1,4,48,0
2261,8124627523.570,8124627542.677,8124629147.157,1604.034,1623.587,19.553,19.107,0.446,8376.413,0,0.000,0,4,48,0
2262,8124635929.169,8124635950.127,8124637553.111,1602.492,1623.942,21.450,20.958,0.492,8376.058,0,0.000,0,4,48,0
2263,8124641240.117,8124641255.038,8124646720.826,1532.082,5480.709,3948.627,14.921,3933.706,4519.291,0,0.000,1,4,48,0
2264,8124650190.189,8124650211.822,8124655947.717,1510.411,5757.528,4247.117,21.633,4225.484,4242.472,0,0.000,1,4,48,0
2265,8124659615.860,8124659636.547,8124661177.877,1540.927,1562.017,21.090,20.687,0.403,8437.983,0,0.000,0,4,48,0
2266,8124667832.938,8124667846.274,8124669546.265,1699.534,1713.327,13.793,13.336,0.457,8286.673,0,0.000,0,4,48,0
2267,8124675488.373,8124675504.869,8124678925.504,1586.136,3437.131,1850.995,16.496,1834.499,6562.869,0,0.000,1,4,48,0
2268,8124683292.135,8124683308.671,8124688657.272,1512.723,5365.137,3852.414,16.536,3835.878,4634.863,0,0.000,1,4,48,0
2269,8124692520.609,8124692535.088,8124693987.488,1451.797,1466.879,15.082,14.479,0.603,8533.121,0,0.000,0,4,48,0
2270,8124703097.029,8124703119.363,8124704684.430,1564.650,1587.401,22.751,22.334,0.417,8412.599,0,0.000,0,4,48,0
2271,8124713836.702,8124713856.750,8124715329.477,1472.322,1492.775,20.453,20.048,0.405,8507.225,0,0.000,0,4,48,0
2272,8124722675.449,8124722696.055,8124724239.921,1543.443,1564.472,21.029,20.606,0.423,8435.528,0,0.000,0,4,48,0
2273,8124737553.476,8124737574.069,8124739088.998,1514.382,1535.522,21.140,20.593,0.547,8464.478,0,0.000,0,4,48,0
2274,8124746892.689,8124746925.077,8124748479.438,1553.047,1586.749,33.702,32.388,1.314,8413.251,0,0.000,0,4,48,0
2275,8124761677.804,8124761713.081,8124763264.601,1550.624,1586.797,36.173,35.277,0.896,8413.203,0,0.000,0,4,48,0
2276,8124773586.427,8124773607.071,8124775183.527,1575.886,1597.100,21.214,20.644,0.570,8402.900,0,0.000,0,4,48,0
2277,8124786160.786,8124786180.304,8124787730.142,1549.341,1569.356,20.015,19.518,0.497,8430.644,0,0.000,0,4,48,0
2278,8124791337.321,8124791352.441,8124796965.843,1442.357,5628.522,4186.165,15.120,4171.045,4371.478,0,0.000,1,4,48,0
2279,8124804101.024,8124804120.268,8124805547.987,1427.257,1446.963,19.706,19.244,0.462,8553.037,0,0.000,0,4,48,0
2280,8124816183.735,8124816203.236,8124817705.883,1502.236,1522.148,19.912,19.501,0.411,8477.852,0,0.000,0,4,48,0
2281,8124825423.943,8124825438.629,8124826934.467,1495.412,1510.524,15.112,14.686,0.426,8489.476,0,0.000,0,4,48,0
2282,8124835904.360,8124835926.202,8124837493.910,1567.219,1589.550,22.331,21.842,0.489,8410.450,0,0.000,0,4,48,0
2283,8124843770.869,8124843789.887,8124846272.681,1573.713,2501.812,928.099,19.018,909.081,7498.188,0,0.000,1,4,48,0
2284,8124851496.598,8124851510.502,8124856032.620,1615.895,4536.022,2920.127,13.904,2906.223,5463.978,0,0.000,1,4,48,0
2285,8124864874.614,8124864893.542,8124866433.847,1539.903,1559.233,19.330,18.928,0.402,8440.767,0,0.000,0,4,48,0
2286,8124874956.214,8124874970.420,8124876535.678,1564.760,1579.464,14.704,14.206,0.498,8420.536,0,0.000,0,4,48,0
2287,8124880828.432,8124880848.064,8124885299.442,1492.252,4471.010,2978.758,19.632,2959.126,5528.990,0,0.000,1,4,48,0
2288,8124888615.679,8124888630.739,8124895141.327,1546.622,6525.648,4979.026,15.060,4963.966,3474.352,0,0.000,1,4,48,0
2289,8124899711.257,8124899730.442,8124901244.694,1513.788,1533.437,19.649,19.185,0.464,8466.563,0,0.000,0,4,48,0
2290,8124904795.585,8124904810.166,8124910104.043,1574.022,5308.458,3734.436,14.581,3719.855,4691.542,0,0.000,1,4,48,0
2291,8124911826.569,8124911840.084,8124920149.449,1590.369,8322.880,6732.511,13.515,6718.996,1677.120,0,0.000,1,4,48,0
2292,8124923713.081,8124923733.604,8124925334.540,1600.525,1621.459,20.934,20.523,0.411,8378.541,0,0.000,0,4,48,0
2293,8124932911.528,8124932931.232,8124934495.958,1564.282,1584.430,20.148,19.704,0.444,8415.570,0,0.000,0,4,48,0
2294,8124944694.346,8124944713.470,8124946221.267,1507.365,1526.921,19.556,19.124,0.432,8473.079,0,0.000,0,4,48,0
2295,8124950990.136,8124951012.835,8124955249.643,1538.326,4259.507,2721.181,22.699,2698.482,5740.493,0,0.000,1,4,48,0
2296,8124957743.384,8124957757.677,8124964972.627,1507.140,7229.243,5722.103,14.293,5707.810,2770.757,0,0.000,1,4,48,0
2297,8124970120.273,8124970140.771,8124971775.295,1633.900,1655.022,21.122,20.498,0.624,8344.978,0,0.000,0,4,48,0
2298,8124982172.081,8124982192.352,8124983642.198,1449.345,1470.117,20.772,20.271,0.501,8529.883,0,0.000,0,4,48,0
2299,8124995094.827,8124995114.023,8124996747.414,1632.951,1652.587,19.636,19.196,0.440,8347.413,0,0.000,0,4,48,0
2300,8125004609.775,8125004625.226,8125006116.484,1490.780,1506.709,15.929,15.451,0.478,8493.291,0,0.000,0,4,48,0
2301,8125013636.720,8125013655.331,8125015151.699,1495.866,1514.979,19.113,18.611,0.502,8485.021,0,0.000,0,4,48,0
2302,8125021623.272,8125021641.187,8125023162.503,1520.808,1539.231,18.423,17.915,0.508,8460.769,0,0.000,0,4,48,0
2303,8125034334.017,8125034353.065,8125035894.709,1541.232,1560.692,19.460,19.048,0.412,8439.308,0,0.000,0,4,48,0
2304,8125049141.017,8125049160.938,8125050706.943,1545.577,1565.926,20.349,19.921,0.428,8434.074,0,0.000,0,4,48,0
2305,8125062554.950,8125062582.404,8125064066.967,1483.610,1512.017,28.407,27.454,0.953,8487.983,0,0.000,0,4,48,0
2306,8125072481.030,8125072506.066,8125074089.062,1582.372,1608.032,25.660,25.036,0.624,8391.968,0,0.000,0,4,48,0
2307,8125083731.071,8125083751.699,8125085423.243,1671.045,1692.172,21.127,20.628,0.499,8307.828,0,0.000,0,4,48,0
2308,8125091120.969,8125091140.604,8125094376.091,1499.247,3255.122,1755.875,19.635,1736.240,6744.878,0,0.000,1,4,48,0
2309,8125099352.422,8125099367.456,8125103749.896,1580.880,4397.474,2816.594,15.034,2801.560,5602.526,0,0.000,1,4,48,0
2310,8125112034.090,8125112053.831,8125113679.667,1625.355,1645.577,20.222,19.741,0.481,8354.423,0,0.000,0,4,48,0
2311,8125126247.600,8125126267.238,8125127784.353,1516.680,1536.753,20.073,19.638,0.435,8463.247,0,0.000,0,4,48,0
2312,8125135097.314,8125135117.754,8125136662.421,1544.247,1565.107,20.860,20.440,0.420,8434.893,0,0.000,0,4,48,0
2313,8125150116.037,8125150135.280,8125151590.984,1455.262,1474.947,19.685,19.243,0.442,8525.053,0,0.000,0,4,48,0
2314,8125159433.309,8125159447.596,8125160998.716,1550.706,1565.407,14.701,14.287,0.414,8434.593,0,0.000,0,4,48,0
2315,8125174036.389,8125174056.179,8125175603.970,1547.393,1567.581,20.188,19.790,0.398,8432.419,0,0.000,0,4,48,0
2316,8125186263.572,8125186282.837,8125187926.258,1642.979,1662.686,19.707,19.265,0.442,8337.314,0,0.000,0,4,48,0
2317,8125194131.424,8125194146.213,8125196974.708,1560.038,2843.284,1283.246,14.789,1268.457,7156.716,0,0.000,1,4,48,0
2318,8125206332.648,8125206351.563,8125207927.614,1575.630,1594.966,19.336,18.915,0.421,8405.034,0,0.000,0,4,48,0
2319,8125217279.950,8125217299.442,8125218859.344,1559.479,1579.394,19.915,19.492,0.423,8420.606,0,0.000,0,4,48,0
2320,8125224190.268,8125224209.714,8125227938.563,1445.429,3748.295,2302.866,19.446,2283.420,6251.705,0,0.000,1,4,48,0
2321,8125235946.427,8125235965.168,8125237513.440,1547.845,1567.013,19.168,18.741,0.427,8432.987,0,0.000,0,4,48,0
2322,8125249483.958,8125249502.879,8125251067.508,1564.221,1583.550,19.329,18.921,0.408,8416.450,0,0.000,0,4,48,0
2323,8125259501.858,8125259516.842,8125260966.559,1449.083,1464.701,15.618,14.984,0.634,8535.299,0,0.000,0,4,48,0
2324,8125270067.632,8125270087.028,8125271704.453,1616.912,1636.821,19.909,19.396,0.513,8363.179,0,0.000,0,4,48,0
2325,8125283020.196,8125283039.846,8125284529.655,1489.403,1509.459,20.056,19.650,0.406,8490.541,0,0.000,0,4,48,0
2326,8125289215.209,8125289229.753,8125293842.924,1586.772,4627.715,3040.943,14.544,3026.399,5372.285,0,0.000,1,4,48,0
2327,8125300570.782,8125300590.116,8125302142.185,1551.655,1571.403,19.748,19.334,0.414,8428.597,0,0.000,0,4,48,0
2328,8125308590.879,8125308610.788,8125310164.911,1553.733,1574.032,20.299,19.909,0.390,8425.968,0,0.000,0,4,48,0
2329,8125316099.838,8125316118.306,8125319233.328,1518.944,3133.490,1614.546,18.468,1596.078,6866.510,0,0.000,1,4,48,0
2330,8125326800.891,8125326814.822,8125328272.395,1457.120,1471.504,14.384,13.931,0.453,8528.496,0,0.000,0,4,48,0
2331,8125336922.535,8125336941.624,8125338529.008,1586.961,1606.473,19.512,19.089,0.423,8393.527,0,0.000,0,4,48,0
2332,8125350593.652,8125350612.908,8125352082.776,1469.450,1489.124,19.674,19.256,0.418,8510.876,0,0.000,0,4,48,0
2333,8125357085.659,8125357105.099,8125361202.569,1497.092,4116.910,2619.818,19.440,2600.378,5883.090,0,0.000,1,4,48,0
2334,8125370242.776,8125370262.261,8125371825.510,1562.731,1582.734,20.003,19.485,0.518,8417.266,0,0.000,0,4,48,0
2335,8125376553.056,8125376567.348,8125381353.476,1538.977,4800.420,3261.443,14.292,3247.151,5199.580,0,0.000,1,4,48,0
2336,8125382047.163,8125382061.292,8125390790.721,1467.002,8743.558,7276.556,14.129,7262.427,1256.442,0,0.000,1,4,48,0
2337,8125394123.449,8125394142.448,8125395674.787,1531.911,1551.338,19.427,18.999,0.428,8448.662,0,0.000,0,4,48,0
2338,8125399905.748,8125399925.408,8125404556.596,1504.658,4650.848,3146.190,19.660,3126.530,5349.152,0,0.000,1,4,48,0
2339,8125411663.784,8125411682.976,8125413224.400,1540.981,1560.616,19.635,19.192,0.443,8439.384,0,0.000,0,4,48,0
2340,8125418950.238,8125418965.107,8125422128.193,1496.012,3177.955,1681.943,14.869,1667.074,6822.045,0,0.000,1,4,48,0
2341,8125431344.774,8125431365.698,8125432840.128,1473.985,1495.354,21.369,20.924,0.445,8504.646,0,0.000,0,4,48,0
2342,8125444974.069,8125444994.412,8125446593.072,1598.221,1619.003,20.782,20.343,0.439,8380.997,0,0.000,0,4,48,0
2343,8125457199.307,8125457220.712,8125458736.879,1515.637,1537.572,21.935,21.405,0.530,8462.428,0,0.000,0,4,48,0
2344,8125468319.788,8125468343.245,8125469873.480,1529.595,1553.692,24.097,23.457,0.640,8446.308,0,0.000,0,4,48,0
2345,8125479430.129,8125479450.438,8125480981.322,1530.353,1551.193,20.840,20.309,0.531,8448.807,0,0.000,0,4,48,0
2346,8125490540.836,8125490560.665,8125492142.496,1581.348,1601.660,20.312,19.829,0.483,8398.340,0,0.000,0,4,48,0
2347,8125496860.332,8125496874.791,8125501050.634,1629.311,4190.302,2560.991,14.459,2546.532,5809.698,0,0.000,1,4,48,0
2348,8125505131.160,8125505145.059,8125511262.970,1560.899,6131.810,4570.911,13.899,4557.012,3868.190,0,0.000,1,4,48,0
2349,8125517830.142,8125517851.620,8125519313.401,1461.342,1483.259,21.917,21.478,0.439,8516.741,0,0.000,0,4,48,0
2350,8125531171.722,8125531192.238,8125532727.092,1534.310,1555.370,21.060,20.516,0.544,8444.630,0,0.000,0,4,48,0
2351,8125541525.257,8125541545.414,8125543010.514,1464.540,1485.257,20.717,20.157,0.560,8514.743,0,0.000,0,4,48,0
2352,8125549143.298,8125549162.945,8125550683.075,1519.678,1539.777,20.099,19.647,0.452,8460.223,0,0.000,0,4,48,0
2353,8125559181.653,8125559195.687,8125560628.120,1432.031,1446.467,14.436,14.034,0.402,8553.533,0,0.000,0,4,48,0
2354,8125572316.053,8125572337.811,8125574050.946,1712.495,1734.893,22.398,21.758,0.640,8265.107,0,0.000,0,4,48,0
2355,8125584921.385,8125584948.740,8125586498.903,1549.458,1577.518,28.060,27.355,0.705,8422.482,0,0.000,0,4,48,0
2356,8125597670.976,8125597691.868,8125599244.271,1551.768,1573.295,21.527,20.892,0.635,8426.705,0,0.000,0,4,48,0
2357,8125611730.325,8125611750.825,8125613322.232,1570.957,1591.907,20.950,20.500,0.450,8408.093,0,0.000,0,4,48,0
2358,8125624805.647,8125624822.133,8125626369.571,1547.003,1563.924,16.921,16.486,0.435,8436.076,0,0.000,0,4,48,0
2359,8125639951.085,8125639970.960,8125641522.181,1550.724,1571.096,20.372,19.875,0.497,8428.904,0,0.000,0,4,48,0
2360,8125648275.331,8125648296.623,8125649869.968,1572.927,1594.637,21.710,21.292,0.418,8405.363,0,0.000,0,4,48,0
2361,8125660092.081,8125660111.244,8125661687.902,1576.257,1595.821,19.564,19.163,0.401,8404.179,0,0.000,0,4,48,0
2362,8125669320.661,8125669339.938,8125670955.865,1615.510,1635.204,19.694,19.277,0.417,8364.796,0,0.000,0,4,48,0
2363,8125682394.662,8125682413.486,8125683903.223,1489.316,1508.561,19.245,18.824,0.421,8491.439,0,0.000,0,4,48,0
2364,8125688197.198,8125688218.566,8125693150.745,1531.381,4953.547,3422.166,21.368,3400.798,5046.453,0,0.000,1,4,48,0
2365,8125698036.826,8125698051.258,8125699525.679,1474.003,1488.853,14.850,14.432,0.418,8511.147,0,0.000,0,4,48,0
2366,8125703462.853,8125703476.530,8125709075.017,1547.423,5612.164,4064.741,13.677,4051.064,4387.836,0,0.000,1,4,48,0
2367,8125718204.154,8125718225.171,8125719798.114,1572.359,1593.960,21.601,21.017,0.584,8406.040,0,0.000,0,4,48,0
2368,8125727431.954,8125727447.073,8125728917.610,1470.092,1485.656,15.564,15.119,0.445,8514.344,0,0.000,0,4,48,0
2369,8125735891.032,8125735911.257,8125737495.201,1583.473,1604.169,20.696,20.225,0.471,8395.831,0,0.000,0,4,48,0
2370,8125741093.457,8125741115.918,8125746467.074,1454.888,5373.617,3918.729,22.461,3896.268,4626.383,0,0.000,1,4,48,0
2371,8125749526.977,8125749540.589,8125755947.312,1506.046,6420.335,4914.289,13.612,4900.677,3579.665,0,0.000,1,4,48,0
2372,8125764180.551,8125764201.886,8125765715.645,1513.287,1535.094,21.807,21.335,0.472,8464.906,0,0.000,0,4,48,0
2373,8125776048.365,8125776069.330,8125777537.050,1467.203,1488.685,21.482,20.965,0.517,8511.315,0,0.000,0,4,48,0
2374,8125790701.306,8125790720.805,8125792211.131,1489.904,1509.825,19.921,19.499,0.422,8490.175,0,0.000,0,4,48,0
2375,8125801340.967,8125801360.452,8125802905.991,1545.134,1565.024,19.890,19.485,0.405,8434.976,0,0.000,0,4,48,0
2376,8125806779.438,8125806793.431,8125811664.265,1525.721,4884.827,3359.106,13.993,3345.113,5115.173,0,0.000,1,4,48,0
2377,8125815927.100,8125815940.727,8125821843.616,1552.927,5916.516,4363.589,13.627,4349.962,4083.484,0,0.000,1,4,48,0
2378,8125824612.108,8125824631.421,8125831553.700,1573.245,6941.592,5368.347,19.313,5349.034,3058.408,0,0.000,1,4,48,0
2379,8125839207.814,8125839228.466,8125840631.826,1402.861,1424.012,21.151,20.652,0.499,8575.988,0,0.000,0,4,48,0
2380,8125844839.327,8125844853.654,8125849603.266,1537.946,4763.939,3225.993,14.327,3211.666,5236.061,0,0.000,1,4,48,0
2381,8125858274.275,8125858293.666,8125859774.205,1480.018,1499.930,19.912,19.391,0.521,8500.070,0,0.000,0,4,48,0
2382,8125870470.122,8125870489.464,8125872119.747,1629.681,1649.625,19.944,19.342,0.602,8350.375,0,0.000,0,4,48,0
2383,8125885215.526,8125885234.727,8125886867.710,1632.546,1652.184,19.638,19.201,0.437,8347.816,0,0.000,0,4,48,0
2384,8125898138.297,8125898158.728,8125899682.663,1523.529,1544.366,20.837,20.431,0.406,8455.634,0,0.000,0,4,48,0
2385,8125905341.241,8125905355.100,8125908921.088,1425.162,3579.847,2154.685,13.859,2140.826,6420.153,0,0.000,1,4,48,0
2386,8125914557.408,8125914571.184,8125916081.675,1510.073,1524.267,14.194,13.776,0.418,8475.733,0,0.000,0,4,48,0
2387,8125920301.772,8125920316.210,8125925435.579,1553.750,5133.807,3580.057,14.438,3565.619,4866.193,0,0.000,1,4,48,0
2388,8125927421.793,8125927435.447,8125934583.142,1549.010,7161.349,5612.339,13.654,5598.685,2838.651,0,0.000,1,4,48,0
2389,8125936281.551,8125936301.815,8125944576.679,1617.705,8295.128,6677.423,20.264,6657.159,1704.872,0,0.000,1,4,48,0
2390,8125950341.216,8125950360.510,8125951848.368,1487.429,1507.152,19.723,19.294,0.429,8492.848,0,0.000,0,4,48,0
2391,8125959935.514,8125959951.598,8125961520.176,1568.147,1584.662,16.515,16.084,0.431,8415.338,0,0.000,0,4,48,0
2392,8125973677.799,8125973697.726,8125975231.550,1533.354,1553.751,20.397,19.927,0.470,8446.249,0,0.000,0,4,48,0
2393,8125985884.411,8125985903.746,8125987514.147,1609.922,1629.736,19.814,19.335,0.479,8370.264,0,0.000,0,4,48,0
2394,8125996226.349,8125996245.773,8125997763.196,1516.868,1536.847,19.979,19.424,0.555,8463.153,0,0.000,0,4,48,0
2395,8126005817.410,8126005832.234,8126007341.742,1509.094,1524.332,15.238,14.824,0.414,8475.668,0,0.000,0,4,48,0
2396,8126015136.027,8126015150.356,8126016742.908,1592.134,1606.881,14.747,14.329,0.418,8393.119,0,0.000,0,4,48,0
2397,8126024036.827,8126024058.023,8126025668.094,1609.483,1631.267,21.784,21.196,0.588,8368.733,0,0.000,0,4,48,0
2398,8126038967.352,8126038986.320,8126040439.629,1452.907,1472.277,19.370,18.968,0.402,8527.723,0,0.000,0,4,48,0
2399,8126045402.529,8126045416.450,8126049906.539,1518.693,4504.010,2985.317,13.921,2971.396,5495.990,0,0.000,1,4,48,0
2400,8126050588.643,8126050610.442,8126059162.727,1565.132,8574.084,7008.952,21.799,6987.153,1425.916,0,0.000,1,4,48,0
2401,8126058824.818,8126059172.386,8126068986.603,1493.853,10161.785,8667.932,347.568,8320.364,-161.785,1,161.785,1,4,48,0
2402,8126068068.224,8126068991.610,8126070488.309,1496.233,2420.085,923.852,923.386,0.466,7579.915,0,0.000,0,4,48,0
2403,8126076596.498,8126076620.350,8126080178.009,1587.235,3581.511,1994.276,23.852,1970.424,6418.489,0,0.000,1,4,48,0
2404,8126088303.610,8126088326.485,8126089892.250,1565.223,1588.640,23.417,22.875,0.542,8411.360,0,0.000,0,4,48,0
2405,8126102423.303,8126102442.456,8126103989.387,1546.440,1566.084,19.644,19.153,0.491,8433.916,0,0.000,0,4,48,0
2406,8126113544.052,8126113563.729,8126114916.891,1352.744,1372.839,20.095,19.677,0.418,8627.161,0,0.000,0,4,48,0
2407,8126119347.086,8126119369.838,8126124488.497,1568.422,5141.411,3572.989,22.752,3550.237,4858.589,0,0.000,1,4,48,0
2408,8126125373.890,8126125387.430,8126133560.370,1519.633,8186.480,6666.847,13.540,6653.307,1813.520,0,0.000,1,4,48,0
2409,8126138140.672,8126138159.397,8126139599.596,1439.794,1458.924,19.130,18.725,0.405,8541.076,0,0.000,0,4,48,0
2410,8126144098.736,8126144120.187,8126148786.996,1523.914,4688.260,3164.346,21.451,3142.895,5311.740,0,0.000,1,4,48,0
2411,8126155087.127,8126155106.549,8126156633.855,1526.682,1546.728,20.046,19.422,0.624,8453.272,0,0.000,0,4,48,0
2412,8126167896.950,8126167916.549,8126169454.526,1537.489,1557.576,20.087,19.599,0.488,8442.424,0,0.000,0,4,48,0
2413,8126177681.321,8126177701.396,8126179276.880,1575.006,1595.559,20.553,20.075,0.478,8404.441,0,0.000,0,4,48,0
2414,8126189699.044,8126189718.502,8126191279.500,1560.582,1580.456,19.874,19.458,0.416,8419.544,0,0.000,0,4,48,0
2415,8126197238.529,8126197257.534,8126200481.502,1521.317,3242.973,1721.656,19.005,1702.651,6757.027,0,0.000,1,4,48,0
2416,8126205006.193,8126205031.978,8126210374.034,1635.494,5367.841,3732.347,25.785,3706.562,4632.159,0,0.000,1,4,48,0
2417,8126212096.153,8126212111.413,8126219717.389,1558.529,7621.236,6062.707,15.260,6047.447,2378.764,0,0.000,1,4,48,0
2418,8126219353.443,8126219734.822,8126221249.564,1514.322,1896.121,381.799,381.379,0.420,8103.879,0,0.000,0,4,48,0
2419,8126233484.371,8126233504.119,8126234976.283,1471.761,1491.912,20.151,19.748,0.403,8508.088,0,0.000,0,4,48,0
2420,8126248404.258,8126248423.827,8126250037.212,1612.987,1632.954,19.967,19.569,0.398,8367.046,0,0.000,0,4,48,0
2421,8126256261.360,8126256281.013,8126259193.916,1504.961,2932.556,1427.595,19.653,1407.942,7067.444,0,0.000,1,4,48,0
2422,8126262786.735,8126262801.954,8126268727.407,1516.002,5940.672,4424.670,15.219,4409.451,4059.328,0,0.000,1,4,48,0
2423,8126271931.760,8126271949.026,8126273493.572,1544.111,1561.812,17.701,17.266,0.435,8438.188,0,0.000,0,4,48,0
2424,8126284304.149,8126284323.905,8126285796.456,1472.115,1492.307,20.192,19.756,0.436,8507.693,0,0.000,0,4,48,0
2425,8126293220.486,8126293234.083,8126294784.572,1549.990,1564.086,14.096,13.597,0.499,8435.914,0,0.000,0,4,48,0
2426,8126301202.496,8126301221.094,8126302731.120,1509.628,1528.624,18.996,18.598,0.398,8471.376,0,0.000,0,4,48,0
2427,8126309308.479,8126309329.645,8126310774.561,1444.510,1466.082,21.572,21.166,0.406,8533.918,0,0.000,0,4,48,0
2428,8126316500.545,8126316514.159,8126319414.099,1588.415,2913.554,1325.139,13.614,1311.525,7086.446,0,0.000,1,4,48,0
2429,8126324067.290,8126324081.174,8126329924.930,1531.590,5857.640,4326.050,13.884,4312.166,4142.360,0,0.000,1,4,48,0
2430,8126337285.902,8126337306.585,8126338828.730,1521.721,1542.828,21.107,20.683,0.424,8457.172,0,0.000,0,4,48,0
2431,8126343739.367,8126343753.487,8126347547.966,1504.484,3808.599,2304.115,14.120,2289.995,6191.401,0,0.000,1,4,48,0
2432,8126357232.750,8126357252.502,8126358841.074,1588.137,1608.324,20.187,19.752,0.435,8391.676,0,0.000,0,4,48,0
2433,8126369551.403,8126369570.483,8126371189.075,1618.179,1637.672,19.493,19.080,0.413,8362.328,0,0.000,0,4,48,0
2434,8126381593.126,8126381612.602,8126383229.464,1616.443,1636.338,19.895,19.476,0.419,8363.662,0,0.000,0,4,48,0
2435,8126394945.763,8126394964.727,8126396587.618,1622.499,1641.855,19.356,18.964,0.392,8358.145,0,0.000,0,4,48,0
2436,8126407766.379,8126407786.039,8126409439.870,1653.327,1673.491,20.164,19.660,0.504,8326.509,0,0.000,0,4,48,0
2437,8126420238.815,8126420257.886,8126421771.316,1513.002,1532.501,19.499,19.071,0.428,8467.499,0,0.000,0,4,48,0
2438,8126427583.514,8126427598.115,8126430383.026,1542.176,2799.512,1257.336,14.601,1242.735,7200.488,0,0.000,1,4,48,0
2439,8126435483.819,8126435505.685,8126440260.616,1488.709,4776.797,3288.088,21.866,3266.222,5223.203,0,0.000,1,4,48,0
2440,8126442479.654,8126442493.708,8126450293.209,1553.297,7813.555,6260.258,14.054,6246.204,2186.445,0,0.000,1,4,48,0
2441,8126450138.369,8126450297.299,8126451784.208,1486.444,1645.839,159.395,158.930,0.465,8354.161,0,0.000,0,4,48,0
2442,8126455477.170,8126455490.858,8126461282.402,1539.050,5805.232,4266.182,13.688,4252.494,4194.768,0,0.000,1,4,48,0
2443,8126466963.489,8126466982.782,8126468467.648,1484.445,1504.159,19.714,19.293,0.421,8495.841,0,0.000,0,4,48,0
2444,8126479855.175,8126479874.594,8126481495.988,1620.980,1640.813,19.833,19.419,0.414,8359.187,0,0.000,0,4,48,0
2445,8126486921.250,8126486935.946,8126490392.006,1596.168,3470.756,1874.588,14.696,1859.892,6529.244,0,0.000,1,4,48,0
2446,8126497548.764,8126497567.642,8126499078.514,1510.441,1529.750,19.309,18.878,0.431,8470.250,0,0.000,0,4,48,0
2447,8126511168.089,8126511186.999,8126512725.824,1538.429,1557.735,19.306,18.910,0.396,8442.265,0,0.000,0,4,48,0
2448,8126520096.547,8126520111.789,8126521653.372,1541.197,1556.825,15.628,15.242,0.386,8443.175,0,0.000,0,4,48,0
2449,8126529862.116,8126529875.839,8126531496.546,1620.322,1634.430,14.108,13.723,0.385,8365.570,0,0.000,0,4,48,0
2450,8126544590.868,8126544612.307,8126546182.654,1569.789,1591.786,21.997,21.439,0.558,8408.214,0,0.000,0,4,48,0
2451,8126557371.036,8126557391.704,8126559053.519,1661.275,1682.483,21.208,20.668,0.540,8317.517,0,0.000,0,4,48,0
2452,8126567529.243,8126567550.658,8126569128.498,1577.405,1599.255,21.850,21.415,0.435,8400.745,0,0.000,0,4,48,0
2453,8126577245.935,8126577265.123,8126578886.985,1621.302,1641.050,19.748,19.188,0.560,8358.950,0,0.000,0,4,48,0
2454,8126589523.612,8126589546.441,8126591207.024,1660.042,1683.412,23.370,22.829,0.541,8316.588,0,0.000,0,4,48,0
2455,8126596628.667,8126596649.433,8126600726.970,1549.629,4098.303,2548.674,20.766,2527.908,5901.697,0,0.000,1,4,48,0
2456,8126608354.836,8126608374.301,8126609833.227,1458.511,1478.391,19.880,19.465,0.415,8521.609,0,0.000,0,4,48,0
2457,8126613812.488,8126613832.609,8126618854.687,1663.407,5042.199,3378.792,20.121,3358.671,4957.801,0,0.000,1,4,48,0
2458,8126628200.105,8126628220.559,8126629812.700,1591.727,1612.595,20.868,20.454,0.414,8387.405,0,0.000,0,4,48,0
2459,8126640621.193,8126640640.586,8126642227.152,1586.071,1605.959,19.888,19.393,0.495,8394.041,0,0.000,0,4,48,0
2460,8126654485.074,8126654506.803,8126656037.776,1530.506,1552.702,22.196,21.729,0.467,8447.298,0,0.000,0,4,48,0
2461,8126662780.837,8126662795.138,8126664419.097,1623.532,1638.260,14.728,14.301,0.427,8361.740,0,0.000,0,4,48,0
2462,8126674381.639,8126674405.416,8126675929.176,1523.328,1547.537,24.209,23.777,0.432,8452.463,0,0.000,0,4,48,0
2463,8126683515.725,8126683530.312,8126685074.351,1543.632,1558.626,14.994,14.587,0.407,8441.374,0,0.000,0,4,48,0
2464,8126688866.045,8126688880.783,8126693890.881,1491.731,5024.836,3533.105,14.738,3518.367,4975.164,0,0.000,1,4,48,0
2465,8126697407.897,8126697428.572,8126703538.322,1541.782,6130.425,4588.643,20.675,4567.968,3869.575,0,0.000,1,4,48,0
2466,8126705918.469,8126705940.479,8126713530.995,1506.998,7612.526,6105.528,22.010,6083.518,2387.474,0,0.000,1,4,48,0
2467,8126712290.782,8126713536.795,8126715082.378,1545.158,2791.596,1246.438,1246.013,0.425,7208.404,0,0.000,0,4,48,0
2468,8126718532.028,8126718547.861,8126724515.464,1448.378,5983.436,4535.058,15.833,4519.225,4016.564,0,0.000,1,4,48,0
2469,8126732154.806,8126732174.171,8126733737.617,1563.000,1582.811,19.811,19.365,0.446,8417.189,0,0.000,0,4,48,0
2470,8126737045.509,8126737059.822,8126742805.022,1568.958,5759.513,4190.555,14.313,4176.242,4240.487,0,0.000,1,4,48,0
2471,8126745079.136,8126745095.425,8126752776.232,1518.496,7697.096,6178.600,16.289,6162.311,2302.904,0,0.000,1,4,48,0
2472,8126756320.599,8126756340.897,8126757920.682,1579.214,1600.083,20.869,20.298,0.571,8399.917,0,0.000,0,4,48,0
2473,8126769172.085,8126769193.476,8126770720.430,1526.532,1548.345,21.813,21.391,0.422,8451.655,0,0.000,0,4,48,0
2474,8126776007.462,8126776035.747,8126779681.576,1468.707,3674.114,2205.407,28.285,2177.122,6325.886,0,0.000,1,4,48,0
2475,8126784668.721,8126784683.125,8126786183.338,1499.692,1514.617,14.925,14.404,0.521,8485.383,0,0.000,0,4,48,0
2476,8126797464.282,8126797483.524,8126799012.272,1528.196,1547.990,19.794,19.242,0.552,8452.010,0,0.000,0,4,48,0
2477,8126803939.779,8126803960.112,8126808054.896,1626.687,4115.117,2488.430,20.333,2468.097,5884.883,0,0.000,1,4,48,0
2478,8126817442.859,8126817462.339,8126819024.534,1561.708,1581.675,19.967,19.480,0.487,8418.325,0,0.000,0,4,48,0
2479,8126826306.114,8126826324.412,8126827865.313,1540.474,1559.199,18.725,18.298,0.427,8440.801,0,0.000,0,4,48,0
2480,8126831916.481,8126831935.221,8126836744.300,1501.074,4827.819,3326.745,18.740,3308.005,5172.181,0,0.000,1,4,48,0
2481,8126842530.529,8126842550.739,8126844083.037,1531.838,1552.508,20.670,20.210,0.460,8447.492,0,0.000,0,4,48,0
2482,8126847575.488,8126847589.368,8126852688.454,1549.300,5112.966,3563.666,13.880,3549.786,4887.034,0,0.000,1,4,48,0
2483,8126862088.575,8126862108.538,8126863670.765,1561.791,1582.190,20.399,19.963,0.436,8417.810,0,0.000,0,4,48,0
2484,8126870650.958,8126870669.646,8126872285.439,1615.377,1634.481,19.104,18.688,0.416,8365.519,0,0.000,0,4,48,0
2485,8126882609.120,8126882629.239,8126884297.143,1667.488,1688.023,20.535,20.119,0.416,8311.977,0,0.000,0,4,48,0
2486,8126889545.825,8126889561.505,8126893695.887,1522.417,4150.062,2627.645,15.680,2611.965,5849.938,0,0.000,1,4,48,0
2487,8126898435.377,8126898455.924,8126902642.752,1573.930,4207.375,2633.445,20.547,2612.898,5792.625,0,0.000,1,4,48,0
2488,8126907826.110,8126907847.064,8126909297.052,1449.587,1470.942,21.355,20.954,0.401,8529.058,0,0.000,0,4,48,0
2489,8126915101.026,8126915121.817,8126918454.810,1505.917,3353.784,1847.867,20.791,1827.076,6646.216,0,0.000,1,4,48,0
2490,8126923666.566,8126923684.904,8126925219.208,1533.901,1552.642,18.741,18.338,0.403,8447.358,0,0.000,0,4,48,0
2491,8126930296.560,8126930319.986,8126934536.630,1548.743,4240.070,2691.327,23.426,2667.901,5759.930,0,0.000,1,4,48,0
2492,8126941488.131,8126941508.232,8126943047.520,1538.725,1559.389,20.664,20.101,0.563,8440.611,0,0.000,0,4,48,0
2493,8126955179.016,8126955198.723,8126956619.674,1420.452,1440.658,20.206,19.707,0.499,8559.342,0,0.000,0,4,48,0
2494,8126964419.873,8126964434.754,8126965930.148,1494.980,1510.275,15.295,14.881,0.414,8489.725,0,0.000,0,4,48,0
2495,8126975392.529,8126975416.921,8126977010.121,1592.715,1617.592,24.877,24.392,0.485,8382.408,0,0.000,0,4,48,0
2496,8126981631.371,8126981646.474,8126985576.120,1532.358,3944.749,2412.391,15.103,2397.288,6055.251,0,0.000,1,4,48,0
2497,8126995861.870,8126995880.997,8126997535.231,1653.798,1673.361,19.563,19.127,0.436,8326.639,0,0.000,0,4,48,0
2498,8127005798.275,8127005811.876,8127007458.673,1646.385,1660.398,14.013,13.601,0.412,8339.602,0,0.000,0,4,48,0
2499,8127016249.409,8127016268.533,8127017843.377,1574.415,1593.968,19.553,19.124,0.429,8406.032,0,0.000,0,4,48,0
2500,8127021401.103,8127021415.734,8127027279.125,1597.037,5878.022,4280.985,14.631,4266.354,4121.978,0,0.000,1,4,48,0
2501,8127033780.568,8127033800.662,8127035314.835,1513.649,1534.267,20.618,20.094,0.524,8465.733,0,0.000,0,4,48,0
2502,8127041114.590,8127041130.278,8127044476.115,1560.894,3361.525,1800.631,15.688,1784.943,6638.475,0,0.000,1,4,48,0
2503,8127055191.746,8127055211.100,8127056652.333,1440.686,1460.587,19.901,19.354,0.547,8539.413,0,0.000,0,4,48,0
2504,8127066363.207,8127066388.880,8127068036.583,1646.775,1673.376,26.601,25.673,0.928,8326.624,0,0.000,0,4,48,0
2505,8127075224.792,8127075239.318,8127076694.153,1454.335,1469.361,15.026,14.526,0.500,8530.639,0,0.000,0,4,48,0
2506,8127087078.261,8127087113.013,8127088694.280,1580.144,1616.019,35.875,34.752,1.123,8383.981,0,0.000,0,4,48,0
2507,8127097749.576,8127097778.680,8127099355.522,1576.051,1605.946,29.895,29.104,0.791,8394.054,0,0.000,0,4,48,0
2508,8127106923.524,8127106949.105,8127108471.286,1521.445,1547.762,26.317,25.581,0.736,8452.238,0,0.000,0,4,48,0
2509,8127114172.178,8127114189.669,8127117827.447,1709.781,3655.269,1945.488,17.491,1927.997,6344.731,0,0.000,1,4,48,0
2510,8127119601.659,8127119618.790,8127127131.139,1575.587,7529.480,5953.893,17.131,5936.762,2470.520,0,0.000,1,4,48,0
2511,8127131089.293,8127131109.147,8127136940.348,1425.941,5851.055,4425.114,19.854,4405.260,4148.945,0,0.000,1,4,48,0
2512,8127140926.093,8127140946.491,8127142409.828,1462.913,1483.735,20.822,20.398,0.424,8516.265,0,0.000,0,4,48,0
2513,8127151743.783,8127151763.645,8127153342.117,1578.039,1598.334,20.295,19.862,0.433,8401.666,0,0.000,0,4,48,0
2514,8127158423.079,8127158438.170,8127162738.429,1552.635,4315.350,2762.715,15.091,2747.624,5684.650,0,0.000,1,4,48,0
2515,8127173052.467,8127173071.875,8127174608.932,1536.576,1556.465,19.889,19.408,0.481,8443.535,0,0.000,0,4,48,0
2516,8127182030.466,8127182047.553,8127183647.845,1599.749,1617.379,17.630,17.087,0.543,8382.621,0,0.000,0,4,48,0
2517,8127191693.230,8127191710.325,8127193201.883,1491.156,1508.653,17.497,17.095,0.402,8491.347,0,0.000,0,4,48,0
2518,8127206280.312,8127206299.271,8127207777.215,1477.469,1496.903,19.434,18.959,0.475,8503.097,0,0.000,0,4,48,0
2519,8127216542.838,8127216565.731,8127218171.679,1605.482,1628.841,23.359,22.893,0.466,8371.159,0,0.000,0,4,48,0
2520,8127228440.834,8127228461.454,8127229956.914,1495.047,1516.080,21.033,20.620,0.413,8483.920,0,0.000,0,4,48,0
2521,8127237571.185,8127237590.213,8127239165.830,1575.209,1594.645,19.436,19.028,0.408,8405.355,0,0.000,0,4,48,0
2522,8127247639.728,8127247660.027,8127249243.577,1583.158,1603.849,20.691,20.299,0.392,8396.151,0,0.000,0,4,48,0
2523,8127261248.485,8127261267.884,8127262707.119,1438.829,1458.634,19.805,19.399,0.406,8541.366,0,0.000,0,4,48,0
2524,8127273015.842,8127273034.982,8127274571.225,1535.844,1555.383,19.539,19.140,0.399,8444.617,0,0.000,0,4,48,0
2525,8127281966.011,8127281980.106,8127283578.511,1598.013,1612.500,14.487,14.095,0.392,8387.500,0,0.000,0,4,48,0
2526,8127294630.929,8127294652.127,8127296259.113,1606.575,1628.184,21.609,21.198,0.411,8371.816,0,0.000,0,4,48,0
2527,8127308700.447,8127308719.693,8127310283.922,1563.783,1583.475,19.692,19.246,0.446,8416.525,0,0.000,0,4,48,0
2528,8127321489.527,8127321508.516,8127323045.561,1536.629,1556.034,19.405,18.989,0.416,8443.966,0,0.000,0,4,48,0
2529,8127336111.645,8127336131.315,8127337677.707,1545.886,1566.062,20.176,19.670,0.506,8433.938,0,0.000,0,4,48,0
2530,8127342911.239,8127342931.295,8127346621.640,1574.038,3710.401,2136.363,20.056,2116.307,6289.599,0,0.000,1,4,48,0
2531,8127355855.070,8127355876.202,8127357459.114,1582.470,1604.044,21.574,21.132,0.442,8395.956,0,0.000,0,4,48,0
2532,8127360877.660,8127360898.264,8127366340.790,1580.608,5463.130,3882.522,20.604,3861.918,4536.870,0,0.000,1,4,48,0
2533,8127370705.967,8127370725.308,8127376145.852,1546.937,5439.885,3892.948,19.341,3873.607,4560.115,0,0.000,1,4,48,0
2534,8127383123.320,8127383142.340,8127384620.923,1478.180,1497.603,19.423,19.020,0.403,8502.397,0,0.000,0,4,48,0
2535,8127390567.762,8127390589.552,8127393296.330,1579.966,2728.568,1148.602,21.790,1126.812,7271.432,0,0.000,1,4,48,0
2536,8127398554.287,8127398568.116,8127403242.599,1548.490,4688.312,3139.822,13.829,3125.993,5311.688,0,0.000,1,4,48,0
2537,8127408520.545,8127408537.581,8127410037.319,1499.237,1516.774,17.537,17.036,0.501,8483.226,0,0.000,0,4,48,0
2538,8127414333.356,8127414352.139,8127419339.395,1449.900,5006.039,3556.139,18.783,3537.356,4993.961,0,0.000,1,4,48,0
2539,8127427328.850,8127427347.855,8127428873.499,1525.225,1544.649,19.424,19.005,0.419,8455.351,0,0.000,0,4,48,0
2540,8127437714.318,8127437733.597,8127439303.361,1569.276,1589.043,19.767,19.279,0.488,8410.957,0,0.000,0,4,48,0
2541,8127448587.178,8127448606.179,8127450168.918,1562.317,1581.740,19.423,19.001,0.422,8418.260,0,0.000,0,4,48,0
2542,8127457797.051,8127457811.659,8127459267.287,1455.108,1470.236,15.128,14.608,0.520,8529.764,0,0.000,0,4,48,0
2543,8127466092.060,8127466105.547,8127467623.824,1517.822,1531.764,13.942,13.487,0.455,8468.236,0,0.000,0,4,48,0
2544,8127474914.024,8127474935.431,8127476403.579,1467.725,1489.555,21.830,21.407,0.423,8510.445,0,0.000,0,4,48,0
2545,8127483786.068,8127483807.053,8127485312.142,1504.695,1526.074,21.379,20.985,0.394,8473.926,0,0.000,0,4,48,0
2546,8127493523.956,8127493543.751,8127495063.865,1519.702,1539.909,20.207,19.795,0.412,8460.091,0,0.000,0,4,48,0
2547,8127506361.301,8127506380.998,8127507914.142,1532.722,1552.841,20.119,19.697,0.422,8447.159,0,0.000,0,4,48,0
2548,8127519856.871,8127519875.871,8127521373.081,1496.808,1516.210,19.402,19.000,0.402,8483.790,0,0.000,0,4,48,0
2549,8127527065.753,8127527079.989,8127530461.171,1521.365,3395.418,1874.053,14.236,1859.817,6604.582,0,0.000,1,4,48,0
2550,8127535791.119,8127535811.737,8127537460.494,1648.289,1669.375,21.086,20.618,0.468,8330.625,0,0.000,0,4,48,0
2551,8127546593.381,8127546614.002,8127548164.732,1550.250,1571.351,21.101,20.621,0.480,8428.649,0,0.000,0,4,48,0
2552,8127554323.655,8127554340.079,8127557444.788,1507.864,3121.133,1613.269,16.424,1596.845,6878.867,0,0.000,1,4,48,0
2553,8127560246.632,8127560260.847,8127566617.961,1530.566,6371.329,4840.763,14.215,4826.548,3628.671,0,0.000,1,4,48,0
2554,8127567759.661,8127567773.663,8127576612.125,1549.970,8852.464,7302.494,14.002,7288.492,1147.536,0,0.000,1,4,48,0
2555,8127572794.842,8127576617.686,8127578048.300,1430.186,5253.458,3823.272,3822.844,0.428,4746.542,0,0.000,0,4,48,0
2556,8127580006.940,8127580022.348,8127587218.781,1595.821,7211.841,5616.020,15.408,5600.612,2788.159,0,0.000,1,4,48,0
2557,8127589187.893,8127589204.000,8127597259.384,1457.097,8071.491,6614.394,16.107,6598.287,1928.509,0,0.000,1,4,48,0
2558,8127602390.900,8127602410.482,8127603960.807,1549.892,1569.907,20.015,19.582,0.433,8430.093,0,0.000,0,4,48,0
2559,8127610007.528,8127610031.336,8127612942.027,1516.415,2934.499,1418.084,23.808,1394.276,7065.501,0,0.000,1,4,48,0
2560,8127623955.428,8127623975.421,8127625604.886,1629.013,1649.458,20.445,19.993,0.452,8350.542,0,0.000,0,4,48,0
2561,8127632074.424,8127632088.357,8127634557.607,1509.436,2483.183,973.747,13.933,959.814,7516.817,0,0.000,1,4,48,0
2562,8127646573.881,8127646593.232,8127648150.215,1556.467,1576.334,19.867,19.351,0.516,8423.666,0,0.000,0,4,48,0
2563,8127653740.600,8127653754.500,8127656886.630,1553.969,3146.030,1592.061,13.900,1578.161,6853.970,0,0.000,1,4,48,0
2564,8127661233.031,8127661246.978,8127666598.191,1597.532,5365.160,3767.628,13.947,3753.681,4634.840,0,0.000,1,4,48,0
2565,8127671688.848,8127671720.404,8127673333.004,1611.007,1644.156,33.149,31.556,1.593,8355.844,0,0.000,0,4,48,0
2566,8127681933.646,8127681962.255,8127683591.419,1628.247,1657.773,29.526,28.609,0.917,8342.227,0,0.000,0,4,48,0
2567,8127690171.404,8127690191.917,8127692721.881,1590.228,2550.477,960.249,20.513,939.736,7449.523,0,0.000,1,4,48,0
2568,8127704695.388,8127704715.146,8127706266.710,1551.127,1571.322,20.195,19.758,0.437,8428.678,0,0.000,0,4,48,0
2569,8127719267.061,8127719286.305,8127720810.689,1523.938,1543.628,19.690,19.244,0.446,8456.372,0,0.000,0,4,48,0
2570,8127725052.199,8127725072.366,8127729963.895,1620.839,4911.696,3290.857,20.167,3270.690,5088.304,0,0.000,1,4,48,0
2571,8127739664.921,8127739686.908,8127741286.822,1599.465,1621.901,22.436,21.987,0.449,8378.099,0,0.000,0,4,48,0
2572,8127753871.162,8127753890.619,8127755482.649,1591.579,1611.487,19.908,19.457,0.451,8388.513,0,0.000,0,4,48,0
2573,8127768838.267,8127768857.550,8127770444.200,1586.222,1605.933,19.711,19.283,0.428,8394.067,0,0.000,0,4,48,0
2574,8127779354.397,8127779373.825,8127780882.557,1508.229,1528.160,19.931,19.428,0.503,8471.840,0,0.000,0,4,48,0
2575,8127790639.192,8127790658.413,8127792248.307,1589.403,1609.115,19.712,19.221,0.491,8390.885,0,0.000,0,4,48,0
2576,8127804811.505,8127804832.955,8127806316.434,1483.043,1504.929,21.886,21.450,0.436,8495.071,0,0.000,0,4,48,0
2577,8127818634.900,8127818653.819,8127820184.583,1530.343,1549.683,19.340,18.919,0.421,8450.317,0,0.000,0,4,48,0
2578,8127828701.486,8127828715.145,8127830251.795,1536.234,1550.309,14.075,13.659,0.416,8449.691,0,0.000,0,4,48,0
2579,8127837424.938,8127837443.771,8127838935.539,1491.316,1510.601,19.285,18.833,0.452,8489.399,0,0.000,0,4,48,0
2580,8127845203.111,8127845219.952,8127846733.185,1512.801,1530.074,17.273,16.841,0.432,8469.926,0,0.000,0,4,48,0
2581,8127850341.889,8127850358.072,8127856051.082,1486.653,5709.193,4222.540,16.183,4206.357,4290.807,0,0.000,1,4,48,0
2582,8127857519.527,8127857533.465,8127865251.871,1511.279,7732.344,6221.065,13.938,6207.127,2267.656,0,0.000,1,4,48,0
2583,8127863097.806,8127865256.252,8127875243.958,1538.480,12146.152,10607.672,2158.446,8449.226,-2146.152,1,2146.152,1,4,48,0
2584,8127871954.466,8127875254.684,8127876837.158,1581.648,4882.692,3301.044,3300.218,0.826,5117.308,0,0.000,0,4,48,0
2585,8127883156.155,8127883177.742,8127885891.838,1508.163,2735.683,1227.520,21.587,1205.933,7264.317,0,0.000,1,4,48,0
2586,8127889711.214,8127889733.315,8127895466.884,1527.582,5755.670,4228.088,22.101,4205.987,4244.330,0,0.000,1,4,48,0
2587,8127898678.016,8127898692.402,8127905319.862,1413.870,6641.846,5227.976,14.386,5213.590,3358.154,0,0.000,1,4,48,0
2588,8127907439.573,8127907464.815,8127909078.519,1612.833,1638.946,26.113,25.242,0.871,8361.054,0,0.000,0,4,48,0
2589,8127918954.496,8127918981.339,8127920619.185,1636.916,1664.689,27.773,26.843,0.930,8335.311,0,0.000,0,4,48,0
2590,8127930054.772,8127930074.990,8127931608.155,1532.622,1553.383,20.761,20.218,0.543,8446.617,0,0.000,0,4,48,0
2591,8127944533.911,8127944554.464,8127946121.449,1566.513,1587.538,21.025,20.553,0.472,8412.462,0,0.000,0,4,48,0
2592,8127957610.097,8127957629.998,8127959173.994,1543.457,1563.897,20.440,19.901,0.539,8436.103,0,0.000,0,4,48,0
2593,8127969467.481,8127969487.298,8127970912.001,1424.181,1444.520,20.339,19.817,0.522,8555.480,0,0.000,0,4,48,0
2594,8127981090.321,8127981109.936,8127982665.218,1554.823,1574.897,20.074,19.615,0.459,8425.103,0,0.000,0,4,48,0
2595,8127986678.196,8127986698.736,8127991409.983,1616.515,4731.787,3115.272,20.540,3094.732,5268.213,0,0.000,1,4,48,0
2596,8128000638.587,8128000657.939,8128002173.182,1514.672,1534.595,19.923,19.352,0.571,8465.405,0,0.000,0,4,48,0
2597,8128010116.379,8128010138.884,8128011631.602,1492.122,1515.223,23.101,22.505,0.596,8484.777,0,0.000,0,4,48,0
2598,8128020057.960,8128020072.249,8128021481.603,1408.845,1423.643,14.798,14.289,0.509,8576.357,0,0.000,0,4,48,0
2599,8128028454.511,8128028468.419,8128030023.325,1554.512,1568.814,14.302,13.908,0.394,8431.186,0,0.000,0,4,48,0
2600,8128034125.839,8128034139.501,8128039247.118,1651.713,5121.279,3469.566,13.662,3455.904,4878.721,0,0.000,1,4,48,0
2601,8128040153.965,8128040174.416,8128049227.330,1581.770,9073.365,7491.595,20.451,7471.144,926.635,0,0.000,1,4,48,0
2602,8128049716.951,8128049729.941,8128058728.627,1513.487,9011.676,7498.189,12.990,7485.199,988.324,0,0.000,1,4,48,0
2603,8128063615.197,8128063637.751,8128065129.514,1491.141,1514.317,23.176,22.554,0.622,8485.683,0,0.000,0,4,48,0
2604,8128071844.789,8128071865.661,8128073416.704,1550.438,1571.915,21.477,20.872,0.605,8428.085,0,0.000,0,4,48,0
2605,8128082332.317,8128082353.239,8128083932.249,1578.349,1599.932,21.583,20.922,0.661,8400.068,0,0.000,0,4,48,0
2606,8128093585.767,8128093605.943,8128095122.139,1515.749,1536.372,20.623,20.176,0.447,8463.628,0,0.000,0,4,48,0
2607,8128101303.269,8128101322.028,8128102867.460,1544.935,1564.191,19.256,18.759,0.497,8435.809,0,0.000,0,4,48,0
2608,8128111859.250,8128111872.919,8128113371.813,1498.488,1512.563,14.075,13.669,0.406,8487.437,0,0.000,0,4,48,0
2609,8128122278.129,8128122297.536,8128123795.028,1497.064,1516.899,19.835,19.407,0.428,8483.101,0,0.000,0,4,48,0
2610,8128136326.482,8128136347.461,8128137944.881,1596.918,1618.399,21.481,20.979,0.502,8381.601,0,0.000,0,4,48,0
2611,8128147672.464,8128147691.245,8128149305.658,1614.008,1633.194,19.186,18.781,0.405,8366.806,0,0.000,0,4,48,0
2612,8128159694.321,8128159714.438,8128161252.995,1538.080,1558.674,20.594,20.117,0.477,8441.326,0,0.000,0,4,48,0
2613,8128169639.070,8128169659.148,8128171257.787,1597.866,1618.717,20.851,20.078,0.773,8381.283,0,0.000,0,4,48,0
2614,8128184668.561,8128184688.641,8128186141.678,1452.608,1473.117,20.509,20.080,0.429,8526.883,0,0.000,0,4,48,0
2615,8128191089.703,8128191108.242,8128195314.041,1530.989,4224.338,2693.349,18.539,2674.810,5775.662,0,0.000,1,4,48,0
2616,8128197468.719,8128197489.491,8128204696.591,1502.186,7227.872,5725.686,20.772,5704.914,2772.128,0,0.000,1,4,48,0
2617,8128211375.083,8128211394.513,8128213018.065,1623.115,1642.982,19.867,19.430,0.437,8357.018,0,0.000,0,4,48,0
2618,8128218700.857,8128218715.165,8128221625.311,1530.854,2924.454,1393.600,14.308,1379.292,7075.546,0,0.000,1,4,48,0
2619,8128231578.455,8128231597.814,8128233174.498,1576.287,1596.043,19.756,19.359,0.397,8403.957,0,0.000,0,4,48,0
2620,8128246159.304,8128246178.154,8128247684.337,1505.767,1525.033,19.266,18.850,0.416,8474.967,0,0.000,0,4,48,0
2621,8128258662.519,8128258686.214,8128260194.936,1508.310,1532.417,24.107,23.695,0.412,8467.583,0,0.000,0,4,48,0
2622,8128272700.946,8128272719.709,8128274222.414,1502.168,1521.468,19.300,18.763,0.537,8478.532,0,0.000,0,4,48,0
2623,8128280043.360,8128280058.384,8128283263.113,1500.701,3219.753,1719.052,15.024,1704.028,6780.247,0,0.000,1,4,48,0
2624,8128289633.042,8128289646.844,8128291179.600,1532.317,1546.558,14.241,13.802,0.439,8453.442,0,0.000,0,4,48,0
2625,8128296031.049,8128296052.726,8128300216.739,1527.908,4185.690,2657.782,21.677,2636.105,5814.310,0,0.000,1,4,48,0
2626,8128306531.508,8128306551.407,8128308131.985,1580.159,1600.477,20.318,19.899,0.419,8399.523,0,0.000,0,4,48,0
2627,8128312493.772,8128312512.339,8128317650.741,1593.228,5156.969,3563.741,18.567,3545.174,4843.031,0,0.000,1,4,48,0
2628,8128321491.946,8128321510.546,8128326599.668,1553.306,5107.722,3554.416,18.600,3535.816,4892.278,0,0.000,1,4,48,0
2629,8128335491.743,8128335510.900,8128337060.366,1549.026,1568.623,19.597,19.157,0.440,8431.377,0,0.000,0,4,48,0
2630,8128342897.045,8128342911.637,8128345961.795,1554.859,3064.750,1509.891,14.592,1495.299,6935.250,0,0.000,1,4,48,0
2631,8128353462.470,8128353482.117,8128354905.422,1422.891,1442.952,20.061,19.647,0.414,8557.048,0,0.000,0,4,48,0
2632,8128360635.717,8128360651.447,8128363682.847,1565.497,3047.130,1481.633,15.730,1465.903,6952.870,0,0.000,1,4,48,0
2633,8128365852.717,8128365874.099,8128373881.326,1539.382,8028.609,6489.227,21.382,6467.845,1971.391,0,0.000,1,4,48,0
2634,8128371449.976,8128373885.487,8128383480.050,1545.166,12030.074,10484.908,2435.511,8049.397,-2030.074,1,2030.074,1,4,48,0
2635,8128386507.105,8128386527.094,8128388164.379,1636.692,1657.274,20.582,19.989,0.593,8342.726,0,0.000,0,4,48,0
2636,8128395977.426,8128395998.049,8128397644.684,1646.182,1667.258,21.076,20.623,0.453,8332.742,0,0.000,0,4,48,0
2637,8128401800.738,8128401814.924,8128406296.953,1502.117,4496.215,2994.098,14.186,2979.912,5503.785,0,0.000,1,4,48,0
2638,8128416162.326,8128416181.626,8128417684.092,1501.969,1521.766,19.797,19.300,0.497,8478.234,0,0.000,0,4,48,0
2639,8128429975.259,8128429994.462,8128431520.622,1525.685,1545.363,19.678,19.203,0.475,8454.637,0,0.000,0,4,48,0
2640,8128439396.962,8128439413.182,8128440951.430,1537.688,1554.468,16.780,16.220,0.560,8445.532,0,0.000,0,4,48,0
2641,8128444931.883,8128444952.695,8128449891.216,1529.951,4959.333,3429.382,20.812,3408.570,5040.667,0,0.000,1,4,48,0
2642,8128454689.340,8128454703.393,8128459648.654,1545.851,4959.314,3413.463,14.053,3399.410,5040.686,0,0.000,1,4,48,0
2643,8128465732.666,8128465751.912,8128467235.919,1483.611,1503.253,19.642,19.246,0.396,8496.747,0,0.000,0,4,48,0
2644,8128479034.238,8128479054.126,8128480638.764,1584.133,1604.526,20.393,19.888,0.505,8395.474,0,0.000,0,4,48,0
2645,8128485815.573,8128485835.155,8128489410.212,1536.949,3594.639,2057.690,19.582,2038.108,6405.361,0,0.000,1,4,48,0
2646,8128492318.716,8128492332.827,8128499051.744,1528.811,6733.028,5204.217,14.111,5190.106,3266.972,0,0.000,1,4,48,0
2647,8128498982.311,8128499066.695,8128509052.645,1658.842,10070.334,8411.492,84.384,8327.108,-70.334,1,70.334,1,4,48,0
2648,8128506790.392,8128509057.864,8128510619.741,1561.447,3829.349,2267.902,2267.472,0.430,6170.651,0,0.000,0,4,48,0
2649,8128514492.078,8128514513.712,8128520047.146,1488.875,5555.068,4066.193,21.634,4044.559,4444.932,0,0.000,1,4,48,0
2650,8128519851.037,8128520051.178,8128529680.580,1577.670,9829.543,8251.873,200.141,8051.732,170.457,0,0.000,1,4,48,0
2651,8128530715.001,8128530734.252,8128539258.090,1485.263,8543.089,7057.826,19.251,7038.575,1456.911,0,0.000,1,4,48,0
2652,8128539801.931,8128539821.060,8128549062.644,1541.912,9260.713,7718.801,19.129,7699.672,739.287,0,0.000,1,4,48,0
2653,8128554850.401,8128554869.763,8128556420.869,1550.684,1570.468,19.784,19.362,0.422,8429.532,0,0.000,0,4,48,0
2654,8128565673.645,8128565692.956,8128567260.590,1567.237,1586.945,19.708,19.311,0.397,8413.055,0,0.000,0,4,48,0
2655,8128575436.839,8128575453.666,8128577077.200,1623.120,1640.361,17.241,16.827,0.414,8359.639,0,0.000,0,4,48,0
2656,8128588826.575,8128588846.794,8128590520.789,1673.505,1694.214,20.709,20.219,0.490,8305.786,0,0.000,0,4,48,0
2657,8128594841.788,8128594861.930,8128599226.872,1532.948,4385.084,2852.136,20.142,2831.994,5614.916,0,0.000,1,4,48,0
2658,8128605189.001,8128605207.778,8128606705.900,1497.635,1516.899,19.264,18.777,0.487,8483.101,0,0.000,0,4,48,0
2659,8128612113.086,8128612127.205,8128615840.219,1519.812,3727.133,2207.321,14.119,2193.202,6272.867,0,0.000,1,4,48,0
2660,8128623958.970,8128623978.321,8128625435.556,1456.826,1476.586,19.760,19.351,0.409,8523.414,0,0.000,0,4,48,0
2661,8128637792.997,8128637813.246,8128639461.388,1647.748,1668.391,20.643,20.249,0.394,8331.609,0,0.000,0,4,48,0
2662,8128646019.204,8128646039.170,8128648339.539,1502.696,2320.335,817.639,19.966,797.673,7679.665,0,0.000,1,4,48,0
2663,8128656854.865,8128656869.764,8128658391.780,1521.609,1536.915,15.306,14.899,0.407,8463.085,0,0.000,0,4,48,0
2664,8128667055.400,8128667074.902,8128668537.695,1462.293,1482.295,20.002,19.502,0.500,8517.705,0,0.000,0,4,48,0
2665,8128672075.278,8128672089.565,8128677610.683,1456.048,5535.405,4079.357,14.287,4065.070,4464.595,0,0.000,1,4,48,0
2666,8128686606.278,8128686626.335,8128688148.652,1521.759,1542.374,20.615,20.057,0.558,8457.626,0,0.000,0,4,48,0
2667,8128697829.299,8128697851.742,8128699504.989,1652.821,1675.690,22.869,22.443,0.426,8324.310,0,0.000,0,4,48,0
2668,8128705292.767,8128705307.515,8128708728.217,1587.594,3435.450,1847.856,14.748,1833.108,6564.550,0,0.000,1,4,48,0
2669,8128714373.107,8128714389.588,8128715929.775,1539.710,1556.668,16.958,16.481,0.477,8443.332,0,0.000,0,4,48,0
2670,8128726203.883,8128726223.031,8128727797.487,1574.032,1593.604,19.572,19.148,0.424,8406.396,0,0.000,0,4,48,0
2671,8128733616.601,8128733632.622,8128736338.316,1497.263,2721.715,1224.452,16.021,1208.431,7278.285,0,0.000,1,4,48,0
2672,8128740233.582,8128740261.949,8128746238.022,1531.198,6004.440,4473.242,28.367,4444.875,3995.560,0,0.000,1,4,48,0
2673,8128751455.124,8128751475.315,8128752987.867,1511.630,1532.743,21.113,20.191,0.922,8467.257,0,0.000,0,4,48,0
2674,8128759812.267,8128759837.930,8128761389.952,1551.114,1577.685,26.571,25.663,0.908,8422.315,0,0.000,0,4,48,0
2675,8128767048.854,8128767072.271,8128770407.658,1520.555,3358.804,1838.249,23.417,1814.832,6641.196,0,0.000,1,4,48,0
2676,8128774888.463,8128774904.456,8128780272.429,1550.537,5383.966,3833.429,15.993,3817.436,4616.034,0,0.000,1,4,48,0
2677,8128789855.032,8128789875.118,8128791317.841,1442.284,1462.809,20.525,20.086,0.439,8537.191,0,0.000,0,4,48,0
2678,8128796153.833,8128796182.419,8128800670.165,1629.934,4516.332,2886.398,28.586,2857.812,5483.668,0,0.000,1,4,48,0
2679,8128807990.063,8128808013.582,8128809545.998,1531.907,1555.935,24.028,23.519,0.509,8444.065,0,0.000,0,4,48,0
2680,8128817235.208,8128817253.545,8128818820.188,1566.184,1584.980,18.796,18.337,0.459,8415.020,0,0.000,0,4,48,0
2681,8128832165.918,8128832187.161,8128833758.779,1571.195,1592.861,21.666,21.243,0.423,8407.139,0,0.000,0,4,48,0
2682,8128846359.113,8128846379.147,8128847909.170,1529.491,1550.057,20.566,20.034,0.532,8449.943,0,0.000,0,4,48,0
2683,8128859978.231,8128860018.096,8128861547.280,1528.088,1569.049,40.961,39.865,1.096,8430.951,0,0.000,0,4,48,0
2684,8128869952.741,8128869975.714,8128871446.242,1469.984,1493.501,23.517,22.973,0.544,8506.499,0,0.000,0,4,48,0
2685,8128876137.011,8128876157.255,8128880691.210,1577.461,4554.199,2976.738,20.244,2956.494,5445.801,0,0.000,1,4,48,0
2686,8128889468.760,8128889491.170,8128891077.740,1585.969,1608.980,23.011,22.410,0.601,8391.020,0,0.000,0,4,48,0
2687,8128901889.761,8128901910.476,8128903437.220,1526.247,1547.459,21.212,20.715,0.497,8452.541,0,0.000,0,4,48,0
2688,8128908601.165,8128908620.731,8128911999.388,1483.678,3398.223,1914.545,19.566,1894.979,6601.777,0,0.000,1,4,48,0
2689,8128920218.628,8128920238.027,8128921756.546,1518.112,1537.918,19.806,19.399,0.407,8462.082,0,0.000,0,4,48,0
2690,8128927995.277,8128928010.983,8128929571.254,1559.581,1575.977,16.396,15.706,0.690,8424.023,0,0.000,0,4,48,0
2691,8128934830.669,8128934850.790,8128938459.335,1606.020,3628.666,2022.646,20.121,2002.525,6371.334,0,0.000,1,4,48,0
2692,8128942653.315,8128942674.742,8128948183.721,1494.098,5530.406,4036.308,21.427,4014.881,4469.594,0,0.000,1,4,48,0
2693,8128955454.287,8128955475.992,8128957012.668,1536.249,1558.381,22.132,21.705,0.427,8441.619,0,0.000,0,4,48,0
2694,8128967711.066,8128967731.912,8128969311.562,1579.116,1600.496,21.380,20.846,0.534,8399.504,0,0.000,0,4,48,0
2695,8128981381.182,8128981401.013,8128982942.948,1541.439,1561.766,20.327,19.831,0.496,8438.234,0,0.000,0,4,48,0
2696,8128986515.510,8128986539.978,8128992533.058,1599.209,6017.548,4418.339,24.468,4393.871,3982.452,0,0.000,1,4,48,0
2697,8128995724.828,8128995738.804,8129001580.953,1443.590,5856.125,4412.535,13.976,4398.559,4143.875,0,0.000,1,4,48,0
2698,8129002313.795,8129002336.125,8129011398.438,1531.355,9084.643,7553.288,22.330,7530.958,915.357,0,0.000,1,4,48,0
2699,8129015500.252,8129015528.559,8129017047.649,1518.438,1547.397,28.959,28.307,0.652,8452.603,0,0.000,0,4,48,0
2700,8129024786.936,8129024803.938,8129026337.665,1533.006,1550.729,17.723,17.002,0.721,8449.271,0,0.000,0,4,48,0
2701,8129036236.146,8129036256.363,8129037812.361,1555.428,1576.215,20.787,20.217,0.570,8423.785,0,0.000,0,4,48,0
2702,8129049885.926,8129049906.504,8129051431.843,1524.881,1545.917,21.036,20.578,0.458,8454.083,0,0.000,0,4,48,0
2703,8129064307.638,8129064333.849,8129065876.332,1541.547,1568.694,27.147,26.211,0.936,8431.306,0,0.000,0,4,48,0
2704,8129076018.990,8129076034.972,8129077632.841,1597.268,1613.851,16.583,15.982,0.601,8386.149,0,0.000,0,4,48,0
2705,8129087269.722,8129087297.318,8129088828.181,1530.014,1558.459,28.445,27.596,0.849,8441.541,0,0.000,0,4,48,0
2706,8129094603.023,8129094620.909,8129097462.634,1568.102,2859.611,1291.509,17.886,1273.623,7140.389,0,0.000,1,4,48,0
2707,8129109196.103,8129109216.425,8129110778.009,1561.083,1581.906,20.823,20.322,0.501,8418.094,0,0.000,0,4,48,0
2708,8129123408.699,8129123428.227,8129125022.145,1593.503,1613.446,19.943,19.528,0.415,8386.554,0,0.000,0,4,48,0
2709,8129131876.516,8129131890.507,8129133392.065,1501.142,1515.549,14.407,13.991,0.416,8484.451,0,0.000,0,4,48,0
2710,8129143140.888,8129143162.072,8129144645.528,1483.048,1504.640,21.592,21.184,0.408,8495.360,0,0.000,0,4,48,0
2711,8129148448.246,8129148462.946,8129154199.124,1586.215,5750.878,4164.663,14.700,4149.963,4249.122,0,0.000,1,4,48,0
2712,8129157322.440,8129157351.458,8129163159.797,1639.532,5837.357,4197.825,29.018,4168.807,4162.643,0,0.000,1,4,48,0
2713,8129167454.283,8129167469.693,8129168977.137,1506.909,1522.854,15.945,15.410,0.535,8477.146,0,0.000,0,4,48,0
2714,8129174108.561,8129174127.385,8129178100.620,1515.909,3992.059,2476.150,18.824,2457.326,6007.941,0,0.000,1,4,48,0
2715,8129180624.132,8129180640.613,8129187690.809,1591.695,7066.677,5474.982,16.481,5458.501,2933.323,0,0.000,1,4,48,0
2716,8129189955.330,8129189976.602,8129197471.193,1535.451,7515.863,5980.412,21.272,5959.140,2484.137,0,0.000,1,4,48,0
2717,8129195291.640,8129197476.158,8129199006.949,1530.269,3715.309,2185.040,2184.518,0.522,6284.691,0,0.000,0,4,48,0
2718,8129202752.444,8129202774.179,8129208839.426,1608.058,6086.982,4478.924,21.735,4457.189,3913.018,0,0.000,1,4,48,0
2719,8129215692.084,8129215713.187,8129217235.440,1521.815,1543.356,21.541,21.103,0.438,8456.644,0,0.000,0,4,48,0
2720,8129229207.065,8129229226.707,8129230797.604,1570.414,1590.539,20.125,19.642,0.483,8409.461,0,0.000,0,4,48,0
2721,8129235245.049,8129235259.595,8129239954.934,1484.208,4709.885,3225.677,14.546,3211.131,5290.115,0,0.000,1,4,48,0
2722,8129241248.257,8129241268.949,8129249224.446,1449.691,7976.189,6526.498,20.692,6505.806,2023.811,0,0.000,1,4,48,0
2723,8129250899.867,8129250919.632,8129259237.286,1556.743,8337.419,6780.676,19.765,6760.911,1662.581,0,0.000,1,4,48,0
2724,8129261043.548,8129261061.038,8129262609.449,1547.363,1565.901,18.538,17.490,1.048,8434.099,0,0.000,0,4,48,0
2725,8129272941.789,8129272964.290,8129274471.320,1506.511,1529.531,23.020,22.501,0.519,8470.469,0,0.000,0,4,48,0
2726,8129287441.062,8129287460.738,8129288990.920,1529.712,1549.858,20.146,19.676,0.470,8450.142,0,0.000,0,4,48,0
2727,8129295871.167,8129295887.287,8129297354.168,1466.388,1483.001,16.613,16.120,0.493,8516.999,0,0.000,0,4,48,0
2728,8129305220.996,8129305234.651,8129306815.411,1580.311,1594.415,14.104,13.655,0.449,8405.585,0,0.000,0,4,48,0
2729,8129316859.431,8129316879.030,8129318454.212,1574.732,1594.781,20.049,19.599,0.450,8405.219,0,0.000,0,4,48,0
2730,8129322035.857,8129322056.399,8129327440.569,1509.077,5404.712,3895.635,20.542,3875.093,4595.288,0,0.000,1,4,48,0
2731,8129335967.201,8129335987.940,8129337594.172,1605.803,1626.971,21.168,20.739,0.429,8373.029,0,0.000,0,4,48,0
2732,8129347569.370,8129347588.562,8129349128.056,1539.058,1558.686,19.628,19.192,0.436,8441.314,0,0.000,0,4,48,0
2733,8129361576.949,8129361602.682,8129363212.188,1609.049,1635.239,26.190,25.733,0.457,8364.761,0,0.000,0,4,48,0
2734,8129370250.872,8129370268.268,8129371775.228,1506.464,1524.356,17.892,17.396,0.496,8475.644,0,0.000,0,4,48,0
2735,8129383541.625,8129383564.806,8129385086.749,1521.145,1545.124,23.979,23.181,0.798,8454.876,0,0.000,0,4,48,0
2736,8129393010.280,8129393027.997,8129394572.804,1544.311,1562.524,18.213,17.717,0.496,8437.476,0,0.000,0,4,48,0
2737,8129403324.265,8129403343.716,8129404856.383,1512.147,1532.118,19.971,19.451,0.520,8467.882,0,0.000,0,4,48,0
2738,8129413796.476,8129413812.638,8129415352.552,1539.233,1556.076,16.843,16.162,0.681,8443.924,0,0.000,0,4,48,0
2739,8129427728.286,8129427748.112,8129429248.610,1500.021,1520.324,20.303,19.826,0.477,8479.676,0,0.000,0,4,48,0
2740,8129440209.054,8129440228.291,8129441813.855,1585.021,1604.801,19.780,19.237,0.543,8395.199,0,0.000,0,4,48,0
2741,8129454882.635,8129454902.035,8129456493.567,1591.062,1610.932,19.870,19.400,0.470,8389.068,0,0.000,0,4,48,0
2742,8129467775.482,8129467797.096,8129469351.119,1553.615,1575.637,22.022,21.614,0.408,8424.363,0,0.000,0,4,48,0
2743,8129481834.023,8129481853.179,8129483406.056,1552.406,1572.033,19.627,19.156,0.471,8427.967,0,0.000,0,4,48,0
2744,8129488114.628,8129488134.512,8129492531.404,1557.003,4416.776,2859.773,19.884,2839.889,5583.224,0,0.000,1,4,48,0
2745,8129503215.303,8129503234.597,8129504743.394,1508.378,1528.091,19.713,19.294,0.419,8471.909,0,0.000,0,4,48,0
2746,8129514427.307,8129514446.428,8129515937.021,1490.176,1509.714,19.538,19.121,0.417,8490.286,0,0.000,0,4,48,0
2747,8129528077.261,8129528098.328,8129529592.827,1494.038,1515.566,21.528,21.067,0.461,8484.434,0,0.000,0,4,48,0
2748,8129536215.299,8129536229.165,8129537712.845,1483.252,1497.546,14.294,13.866,0.428,8502.454,0,0.000,0,4,48,0
2749,8129549939.183,8129549957.924,8129551499.747,1541.424,1560.564,19.140,18.741,0.399,8439.436,0,0.000,0,4,48,0
2750,8129556255.227,8129556274.528,8129560705.814,1487.838,4450.587,2962.749,19.301,2943.448,5549.413,0,0.000,1,4,48,0
2751,8129568862.754,8129568881.968,8129570400.446,1518.059,1537.692,19.633,19.214,0.419,8462.308,0,0.000,0,4,48,0
2752,8129576306.776,8129576326.627,8129579718.164,1525.415,3411.388,1885.973,19.851,1866.122,6588.612,0,0.000,1,4,48,0
2753,8129586934.856,8129586963.883,8129588451.327,1487.043,1516.471,29.428,29.027,0.401,8483.529,0,0.000,0,4,48,0
2754,8129597904.034,8129597923.407,8129599445.639,1521.740,1541.605,19.865,19.373,0.492,8458.395,0,0.000,0,4,48,0
2755,8129607242.866,8129607263.330,8129608755.459,1491.704,1512.593,20.889,20.464,0.425,8487.407,0,0.000,0,4,48,0
2756,8129612593.431,8129612615.911,8129617405.460,1544.463,4812.029,3267.566,22.480,3245.086,5187.971,0,0.000,1,4,48,0
2757,8129625015.769,8129625034.984,8129626491.682,1456.284,1475.913,19.629,19.215,0.414,8524.087,0,0.000,0,4,48,0
2758,8129635401.210,8129635418.125,8129636990.680,1572.116,1589.470,17.354,16.915,0.439,8410.530,0,0.000,0,4,48,0
2759,8129644099.506,8129644118.771,8129645650.792,1531.518,1551.286,19.768,19.265,0.503,8448.714,0,0.000,0,4,48,0
2760,8129649506.529,8129649527.868,8129655164.181,1517.993,5657.652,4139.659,21.339,4118.320,4342.348,0,0.000,1,4,48,0
2761,8129660427.959,8129660447.564,8129661988.340,1540.344,1560.381,20.037,19.605,0.432,8439.619,0,0.000,0,4,48,0
2762,8129668209.209,8129668223.516,8129671271.053,1615.313,3061.844,1446.531,14.307,1432.224,6938.156,0,0.000,1,4,48,0
2763,8129676854.652,8129676875.086,8129678422.078,1546.578,1567.426,20.848,20.434,0.414,8432.574,0,0.000,0,4,48,0
2764,8129682974.730,8129682996.430,8129687387.548,1534.734,4412.818,2878.084,21.700,2856.384,5587.182,0,0.000,1,4,48,0
2765,8129689130.036,8129689150.209,8129696883.148,1497.330,7753.112,6255.782,20.173,6235.609,2246.888,0,0.000,1,4,48,0
2766,8129704161.704,8129704180.649,8129705703.042,1521.967,1541.338,19.371,18.945,0.426,8458.662,0,0.000,0,4,48,0
2767,8129714609.916,8129714629.548,8129716217.586,1587.631,1607.670,20.039,19.632,0.407,8392.330,0,0.000,0,4,48,0
2768,8129720853.077,8129720871.842,8129724962.238,1477.592,4109.161,2631.569,18.765,2612.804,5890.839,0,0.000,1,4,48,0
2769,8129731933.213,8129731952.831,8129733595.258,1641.971,1662.045,20.074,19.618,0.456,8337.955,0,0.000,0,4,48,0
2770,8129746247.499,8129746266.318,8129747846.070,1579.342,1598.571,19.229,18.819,0.410,8401.429,0,0.000,0,4,48,0
2771,8129755089.768,8129755103.627,8129756655.365,1551.327,1565.597,14.270,13.859,0.411,8434.403,0,0.000,0,4,48,0
2772,8129764847.324,8129764866.363,8129766525.548,1658.774,1678.224,19.450,19.039,0.411,8321.776,0,0.000,0,4,48,0
2773,8129773540.873,8129773560.875,8129775057.397,1496.103,1516.524,20.421,20.002,0.419,8483.476,0,0.000,0,4,48,0
2774,8129783900.331,8129783920.244,8129785538.027,1617.376,1637.696,20.320,19.913,0.407,8362.304,0,0.000,0,4,48,0
2775,8129790719.595,8129790739.406,8129794250.529,1608.870,3530.934,1922.064,19.811,1902.253,6469.066,0,0.000,1,4,48,0
2776,8129805465.127,8129805484.449,8129806936.054,1451.189,1470.927,19.738,19.322,0.416,8529.073,0,0.000,0,4,48,0
2777,8129818110.731,8129818129.992,8129819632.232,1501.737,1521.501,19.764,19.261,0.503,8478.499,0,0.000,0,4,48,0
2778,8129830470.101,8129830508.445,8129832072.943,1563.037,1602.842,39.805,38.344,1.461,8397.158,0,0.000,0,4,48,0
2779,8129841560.277,8129841590.351,8129843008.666,1417.255,1448.389,31.134,30.074,1.060,8551.611,0,0.000,0,4,48,0
2780,8129848566.230,8129848584.302,8129851795.465,1645.661,3229.235,1583.574,18.072,1565.502,6770.765,0,0.000,1,4,48,0
2781,8129856885.302,8129856906.749,8129862024.800,1525.366,5139.498,3614.132,21.447,3592.685,4860.502,0,0.000,1,4,48,0
2782,8129869453.773,8129869473.570,8129871013.800,1539.745,1560.027,20.282,19.797,0.485,8439.973,0,0.000,0,4,48,0
2783,8129881905.663,8129881925.213,8129883525.046,1599.343,1619.383,20.040,19.550,0.490,8380.617,0,0.000,0,4,48,0
2784,8129887798.860,8129887822.445,8129892277.949,1545.043,4479.089,2934.046,23.585,2910.461,5520.911,0,0.000,1,4,48,0
2785,8129895726.537,8129895742.065,8129902164.962,1511.252,6438.425,4927.173,15.528,4911.645,3561.575,0,0.000,1,4,48,0
2786,8129904280.113,8129904300.333,8129911936.870,1577.721,7656.757,6079.036,20.220,6058.816,2343.243,0,0.000,1,4,48,0
2787,8129918185.144,8129918204.761,8129919727.051,1521.798,1541.907,20.109,19.617,0.492,8458.093,0,0.000,0,4,48,0
2788,8129924645.305,8129924667.727,8129928377.659,1521.322,3732.354,2211.032,22.422,2188.610,6267.646,0,0.000,1,4,48,0
2789,8129931382.987,8129931396.632,8129938199.878,1530.004,6816.891,5286.887,13.645,5273.242,3183.109,0,0.000,1,4,48,0
2790,8129938701.397,8129938721.493,8129948207.753,1536.439,9506.356,7969.917,20.096,7949.821,493.644,0,0.000,1,4,48,0
2791,8129948161.022,8129948212.518,8129949744.114,1531.177,1583.092,51.915,51.496,0.419,8416.908,0,0.000,0,4,48,0
2792,8129955981.043,8129955997.254,8129958715.422,1529.188,2734.379,1205.191,16.211,1188.980,7265.621,0,0.000,1,4,48,0
2793,8129970900.072,8129970926.600,8129972468.365,1540.773,1568.293,27.520,26.528,0.992,8431.707,0,0.000,0,4,48,0
2794,8129981508.663,8129981532.117,8129983115.800,1583.015,1607.137,24.122,23.454,0.668,8392.863,0,0.000,0,4,48,0
2795,8129991233.218,8129991254.358,8129992848.475,1593.603,1615.257,21.654,21.140,0.514,8384.743,0,0.000,0,4,48,0
2796,8130000978.432,8130000996.056,8130002499.485,1502.970,1521.053,18.083,17.624,0.459,8478.947,0,0.000,0,4,48,0
2797,8130014736.742,8130014755.972,8130016316.931,1560.447,1580.189,19.742,19.230,0.512,8419.811,0,0.000,0,4,48,0
2798,8130019645.858,8130019660.258,8130024962.817,1558.438,5316.959,3758.521,14.400,3744.121,4683.041,0,0.000,1,4,48,0
2799,8130027881.400,8130027895.515,8130035159.669,1520.721,7278.269,5757.548,14.115,5743.433,2721.731,0,0.000,1,4,48,0
2800,8130037141.849,8130037162.173,8130044756.207,1486.581,7614.358,6127.777,20.324,6107.453,2385.642,0,0.000,1,4,48,0
2801,8130045551.272,8130045565.992,8130047146.988,1580.517,1595.716,15.199,14.720,0.479,8404.284,0,0.000,0,4,48,0
2802,8130052104.359,8130052118.240,8130055389.172,1530.734,3284.813,1754.079,13.881,1740.198,6715.187,0,0.000,1,4,48,0
2803,8130058624.848,8130058646.649,8130064913.094,1518.435,6288.246,4769.811,21.801,4748.010,3711.754,0,0.000,1,4,48,0
2804,8130064954.890,8130064971.078,8130074767.960,1549.560,9813.070,8263.510,16.188,8247.322,186.930,0,0.000,1,4,48,0
2805,8130078111.754,8130078133.500,8130079724.860,1590.309,1613.106,22.797,21.746,1.051,8386.894,0,0.000,0,4,48,0
2806,8130086691.186,8130086721.103,8130088325.379,1603.279,1634.193,30.914,29.917,0.997,8365.807,0,0.000,0,4,48,0
2807,8130096294.915,8130096312.382,8130097861.520,1548.507,1566.605,18.098,17.467,0.631,8433.395,0,0.000,0,4,48,0
2808,8130102570.993,8130102585.980,8130107532.902,1648.256,4961.909,3313.653,14.987,3298.666,5038.091,0,0.000,1,4,48,0
2809,8130117044.163,8130117064.233,8130118623.942,1559.243,1579.779,20.536,20.070,0.466,8420.221,0,0.000,0,4,48,0
2810,8130130805.912,8130130825.207,8130132346.477,1520.881,1540.565,19.684,19.295,0.389,8459.435,0,0.000,0,4,48,0
2811,8130142202.514,8130142221.842,8130143736.984,1514.647,1534.470,19.823,19.328,0.495,8465.530,0,0.000,0,4,48,0
2812,8130153507.708,8130153526.848,8130155035.208,1507.947,1527.500,19.553,19.140,0.413,8472.500,0,0.000,0,4,48,0
2813,8130161037.075,8130161051.805,8130164173.769,1609.156,3136.694,1527.538,14.730,1512.808,6863.306,0,0.000,1,4,48,0
2814,8130175717.863,8130175737.292,8130177314.114,1576.269,1596.251,19.982,19.429,0.553,8403.749,0,0.000,0,4,48,0
2815,8130184629.063,8130184643.998,8130186161.802,1517.315,1532.739,15.424,14.935,0.489,8467.261,0,0.000,0,4,48,0
2816,8130197068.077,8130197087.450,8130198545.774,1457.879,1477.697,19.818,19.373,0.445,8522.303,0,0.000,0,4,48,0
2817,8130206685.764,8130206699.742,8130208280.492,1580.285,1594.728,14.443,13.978,0.465,8405.272,0,0.000,0,4,48,0
2818,8130217824.241,8130217844.850,8130219384.653,1539.345,1560.412,21.067,20.609,0.458,8439.588,0,0.000,0,4,48,0
2819,8130232241.644,8130232260.398,8130233773.201,1512.412,1531.557,19.145,18.754,0.391,8468.443,0,0.000,0,4,48,0
2820,8130237743.463,8130237758.065,8130242567.381,1563.896,4823.918,3260.022,14.602,3245.420,5176.082,0,0.000,1,4,48,0
2821,8130248481.743,8130248500.611,8130250062.861,1561.829,1581.118,19.289,18.868,0.421,8418.882,0,0.000,0,4,48,0
2822,8130259254.484,8130259273.546,8130260816.010,1542.039,1561.526,19.487,19.062,0.425,8438.474,0,0.000,0,4,48,0
2823,8130265865.355,8130265887.931,8130269663.546,1517.415,3798.191,2280.776,22.576,2258.200,6201.809,0,0.000,1,4,48,0
2824,8130279283.510,8130279304.198,8130280887.603,1582.906,1604.093,21.187,20.688,0.499,8395.907,0,0.000,0,4,48,0
2825,8130292881.909,8130292901.716,8130294359.331,1457.182,1477.422,20.240,19.807,0.433,8522.578,0,0.000,0,4,48,0
2826,8130303664.964,8130303684.543,8130305211.434,1526.452,1546.470,20.018,19.579,0.439,8453.530,0,0.000,0,4,48,0
2827,8130318533.000,8130318552.077,8130320168.967,1616.448,1635.967,19.519,19.077,0.442,8364.033,0,0.000,0,4,48,0
2828,8130332715.481,8130332734.303,8130334287.713,1553.011,1572.232,19.221,18.822,0.399,8427.768,0,0.000,0,4,48,0
2829,8130338276.902,8130338292.254,8130343558.544,1540.282,5281.642,3741.360,15.352,3726.008,4718.358,0,0.000,1,4,48,0
2830,8130352949.340,8130352968.690,8130354501.308,1532.220,1551.968,19.748,19.350,0.398,8448.032,0,0.000,0,4,48,0
2831,8130365216.420,8130365239.273,8130366787.659,1547.649,1571.239,23.590,22.853,0.737,8428.761,0,0.000,0,4,48,0
2832,8130379900.525,8130379922.671,8130381498.265,1575.041,1597.740,22.699,22.146,0.553,8402.260,0,0.000,0,4,48,0
2833,8130390949.335,8130390969.122,8130392579.586,1610.063,1630.251,20.188,19.787,0.401,8369.749,0,0.000,0,4,48,0
2834,8130396503.651,8130396518.672,8130402008.684,1531.250,5505.033,3973.783,15.021,3958.762,4494.967,0,0.000,1,4,48,0
2835,8130410486.866,8130410506.078,8130412033.774,1527.276,1546.908,19.632,19.212,0.420,8453.092,0,0.000,0,4,48,0
2836,8130417084.105,8130417103.722,8130421210.257,1615.752,4126.152,2510.400,19.617,2490.783,5873.848,0,0.000,1,4,48,0
2837,8130425646.972,8130425663.841,8130430733.289,1577.774,5086.317,3508.543,16.869,3491.674,4913.683,0,0.000,1,4,48,0
2838,8130435450.121,8130435472.574,8130436941.229,1468.065,1491.108,23.043,22.453,0.590,8508.892,0,0.000,0,4,48,0
2839,8130446592.759,8130446612.218,8130448101.492,1488.785,1508.733,19.948,19.459,0.489,8491.267,0,0.000,0,4,48,0
2840,8130460775.379,8130460796.175,8130462376.480,1579.826,1601.101,21.275,20.796,0.479,8398.899,0,0.000,0,4,48,0
2841,8130469586.822,8130469603.124,8130471188.981,1585.366,1602.159,16.793,16.302,0.491,8397.841,0,0.000,0,4,48,0
2842,8130484162.959,8130484182.429,8130485707.040,1524.122,1544.081,19.959,19.470,0.489,8455.919,0,0.000,0,4,48,0
2843,8130490606.531,8130490626.426,8130494306.651,1513.542,3700.120,2186.578,19.895,2166.683,6299.880,0,0.000,1,4,48,0
2844,8130500201.631,8130500215.089,8130501782.493,1567.016,1580.862,13.846,13.458,0.388,8419.138,0,0.000,0,4,48,0
2845,8130509360.878,8130509378.973,8130510877.317,1497.865,1516.439,18.574,18.095,0.479,8483.561,0,0.000,0,4,48,0
2846,8130518945.423,8130518961.792,8130520489.674,1527.468,1544.251,16.783,16.369,0.414,8455.749,0,0.000,0,4,48,0
2847,8130528162.918,8130528184.224,8130529735.134,1550.504,1572.216,21.712,21.306,0.406,8427.784,0,0.000,0,4,48,0
2848,8130534813.018,8130534826.784,8130538484.954,1492.344,3671.936,2179.592,13.766,2165.826,6328.064,0,0.000,1,4,48,0
2849,8130547497.651,8130547517.544,8130549111.066,1593.120,1613.415,20.295,19.893,0.402,8386.585,0,0.000,0,4,48,0
2850,8130557528.368,8130557542.917,8130559124.861,1581.554,1596.493,14.939,14.549,0.390,8403.507,0,0.000,0,4,48,0
2851,8130564382.282,8130564401.322,8130568410.330,1477.532,4028.048,2550.516,19.040,2531.476,5971.952,0,0.000,1,4,48,0
2852,8130570880.846,8130570897.776,8130577909.223,1464.380,7028.377,5563.997,16.930,5547.067,2971.623,0,0.000,1,4,48,0
2853,8130581789.804,8130581809.194,8130583399.316,1589.653,1609.512,19.859,19.390,0.469,8390.488,0,0.000,0,4,48,0
2854,8130587558.543,8130587582.395,8130592936.742,1557.174,5378.199,3821.025,23.852,3797.173,4621.801,0,0.000,1,4,48,0
2855,8130594327.888,8130594356.792,8130601817.826,1629.957,7489.938,5859.981,28.904,5831.077,2510.062,0,0.000,1,4,48,0
2856,8130605259.329,8130605280.557,8130611807.946,1545.175,6548.617,5003.442,21.228,4982.214,3451.383,0,0.000,1,4,48,0
2857,8130614084.389,8130614102.098,8130615608.263,1505.481,1523.874,18.393,17.709,0.684,8476.126,0,0.000,0,4,48,0
2858,8130620037.951,8130620061.299,8130624725.456,1576.925,4687.505,3110.580,23.348,3087.232,5312.495,0,0.000,1,4,48,0
2859,8130630804.480,8130630824.642,8130632322.356,1497.133,1517.876,20.743,20.162,0.581,8482.124,0,0.000,0,4,48,0
2860,8130645451.473,8130645471.940,8130646957.346,1484.860,1505.873,21.013,20.467,0.546,8494.127,0,0.000,0,4,48,0
2861,8130657554.175,8130657575.898,8130659239.269,1662.840,1685.094,22.254,21.723,0.531,8314.906,0,0.000,0,4,48,0
2862,8130670354.292,8130670375.271,8130671854.302,1478.495,1500.010,21.515,20.979,0.536,8499.990,0,0.000,0,4,48,0
2863,8130679867.920,8130679884.719,8130681396.739,1511.534,1528.819,17.285,16.799,0.486,8471.181,0,0.000,0,4,48,0
2864,8130684986.121,8130685010.173,8130690533.195,1638.749,5547.074,3908.325,24.052,3884.273,4452.926,0,0.000,1,4,48,0
2865,8130691050.800,8130691071.528,8130700421.568,1477.446,9370.768,7893.322,20.728,7872.594,629.232,0,0.000,1,4,48,0
2866,8130706153.024,8130706171.778,8130707680.539,1508.345,1527.515,19.170,18.754,0.416,8472.485,0,0.000,0,4,48,0
2867,8130717774.931,8130717795.327,8130719331.184,1535.446,1556.253,20.807,20.396,0.411,8443.747,0,0.000,0,4,48,0
2868,8130729541.023,8130729560.096,8130731122.983,1562.423,1581.960,19.537,19.073,0.464,8418.040,0,0.000,0,4,48,0
2869,8130744399.987,8130744429.576,8130745890.375,1459.916,1490.388,30.472,29.589,0.883,8509.612,0,0.000,0,4,48,0
2870,8130757167.882,8130757196.692,8130758818.027,1620.414,1650.145,29.731,28.810,0.921,8349.855,0,0.000,0,4,48,0
2871,8130763956.248,8130763978.004,8130767687.408,1536.334,3731.160,2194.826,21.756,2173.070,6268.840,0,0.000,1,4,48,0
2872,8130771539.690,8130771554.472,8130777254.044,1520.481,5714.354,4193.873,14.782,4179.091,4285.646,0,0.000,1,4,48,0
2873,8130780641.782,8130780661.329,8130787332.903,1496.005,6691.121,5195.116,19.547,5175.569,3308.879,0,0.000,1,4,48,0
2874,8130793846.797,8130793866.172,8130795461.810,1595.211,1615.013,19.802,19.375,0.427,8384.987,0,0.000,0,4,48,0
2875,8130808622.820,8130808642.230,8130810197.574,1554.783,1574.754,19.971,19.410,0.561,8425.246,0,0.000,0,4,48,0
2876,8130817676.668,8130817697.143,8130819312.603,1615.062,1635.935,20.873,20.475,0.398,8364.065,0,0.000,0,4,48,0
2877,8130829430.481,8130829449.899,8130831058.750,1608.371,1628.269,19.898,19.418,0.480,8371.731,0,0.000,0,4,48,0
2878,8130839152.410,8130839172.962,8130840734.479,1561.105,1582.069,20.964,20.552,0.412,8417.931,0,0.000,0,4,48,0
2879,8130845012.329,8130845032.153,8130849709.302,1522.710,4696.973,3174.263,19.824,3154.439,5303.027,0,0.000,1,4,48,0
2880,8130858450.295,8130858469.352,8130859948.140,1478.383,1497.845,19.462,19.057,0.405,8502.155,0,0.000,0,4,48,0
2881,8130864487.034,8130864500.881,8130869494.885,1525.918,5007.851,3481.933,13.847,3468.086,4992.149,0,0.000,1,4,48,0
2882,8130870250.853,8130870264.457,8130878467.796,1577.286,8216.943,6639.657,13.604,6626.053,1783.057,0,0.000,1,4,48,0
2883,8130882903.313,8130882922.204,8130884532.138,1609.535,1628.825,19.290,18.891,0.399,8371.175,0,0.000,0,4,48,0
2884,8130896358.822,8130896378.476,8130897936.174,1557.262,1577.352,20.090,19.654,0.436,8422.648,0,0.000,0,4,48,0
2885,8130908205.304,8130908226.044,8130909843.308,1616.849,1638.004,21.155,20.740,0.415,8361.996,0,0.000,0,4,48,0
2886,8130921138.739,8130921157.670,8130922590.060,1431.975,1451.321,19.346,18.931,0.415,8548.679,0,0.000,0,4,48,0
2887,8130931213.897,8130931234.643,8130932713.935,1478.885,1500.038,21.153,20.746,0.407,8499.962,0,0.000,0,4,48,0
2888,8130936299.846,8130936319.724,8130942099.026,1548.870,5799.180,4250.310,19.878,4230.432,4200.820,0,0.000,1,4,48,0
2889,8130944638.690,8130944652.123,8130951418.185,1549.406,6779.495,5230.089,13.433,5216.656,3220.505,0,0.000,1,4,48,0
2890,8130953066.823,8130953083.952,8130961243.136,1539.752,8176.313,6636.561,17.129,6619.432,1823.687,0,0.000,1,4,48,0
2891,8130962806.378,8130962826.793,8130964312.008,1484.742,1505.630,20.888,20.415,0.473,8494.370,0,0.000,0,4,48,0
2892,8130972267.513,8130972287.594,8130973830.479,1542.484,1562.966,20.482,20.081,0.401,8437.034,0,0.000,0,4,48,0
2893,8130982770.888,8130982792.078,8130984323.754,1531.242,1552.866,21.624,21.190,0.434,8447.134,0,0.000,0,4,48,0
2894,8130990155.978,8130990175.227,8130993495.925,1548.022,3339.947,1791.925,19.249,1772.676,6660.053,0,0.000,1,4,48,0
2895,8130999736.718,8130999753.505,8131001303.739,1549.467,1567.021,17.554,16.787,0.767,8432.979,0,0.000,0,4,48,0
2896,8131012014.579,8131012036.307,8131013457.977,1421.130,1443.398,22.268,21.728,0.540,8556.602,0,0.000,0,4,48,0
2897,8131018229.369,8131018252.651,8131022919.334,1642.028,4689.965,3047.937,23.282,3024.655,5310.035,0,0.000,1,4,48,0
2898,8131031176.384,8131031196.067,8131032796.869,1600.368,1620.485,20.117,19.683,0.434,8379.515,0,0.000,0,4,48,0
2899,8131036256.501,8131036272.872,8131041987.804,1531.949,5731.303,4199.354,16.371,4182.983,4268.697,0,0.000,1,4,48,0
2900,8131042433.508,8131042453.914,8131051193.248,1529.877,8759.740,7229.863,20.406,7209.457,1240.260,0,0.000,1,4,48,0
2901,8131056407.241,8131056426.265,8131057974.751,1547.924,1567.510,19.586,19.024,0.562,8432.490,0,0.000,0,4,48,0
2902,8131066249.314,8131066277.245,8131067776.793,1498.691,1527.479,28.788,27.931,0.857,8472.521,0,0.000,0,4,48,0
2903,8131079692.384,8131079713.651,8131081312.182,1597.993,1619.798,21.805,21.267,0.538,8380.202,0,0.000,0,4,48,0
2904,8131085638.271,8131085660.597,8131089888.724,1531.088,4250.453,2719.365,22.326,2697.039,5749.547,0,0.000,1,4,48,0
2905,8131099854.936,8131099876.183,8131101371.036,1494.437,1516.100,21.663,21.247,0.416,8483.900,0,0.000,0,4,48,0
2906,8131105968.927,8131105986.068,8131110405.806,1560.479,4436.879,2876.400,17.141,2859.259,5563.121,0,0.000,1,4,48,0
2907,8131114539.088,8131114561.499,8131119898.162,1472.083,5359.074,3886.991,22.411,3864.580,4640.926,0,0.000,1,4,48,0
2908,8131122425.056,8131122438.782,8131129871.098,1498.385,7446.042,5947.657,13.726,5933.931,2553.958,0,0.000,1,4,48,0
2909,8131136718.496,8131136737.403,8131138272.628,1534.765,1554.132,19.367,18.907,0.460,8445.868,0,0.000,0,4,48,0
2910,8131149467.075,8131149485.743,8131151096.447,1610.300,1629.372,19.072,18.668,0.404,8370.628,0,0.000,0,4,48,0
2911,8131162441.176,8131162461.901,8131163987.194,1524.881,1546.018,21.137,20.725,0.412,8453.982,0,0.000,0,4,48,0
2912,8131176551.293,8131176570.915,8131178174.830,1603.482,1623.537,20.055,19.622,0.433,8376.463,0,0.000,0,4,48,0
2913,8131181952.077,8131181975.113,8131187141.823,1600.770,5189.746,3588.976,23.036,3565.940,4810.254,0,0.000,1,4,48,0
2914,8131193825.683,8131193844.630,8131195344.595,1499.542,1518.912,19.370,18.947,0.423,8481.088,0,0.000,0,4,48,0
2915,8131201068.061,8131201082.481,8131204472.044,1557.705,3403.983,1846.278,14.420,1831.858,6596.017,0,0.000,1,4,48,0
2916,8131209025.052,8131209040.662,8131214469.759,1599.852,5444.707,3844.855,15.610,3829.245,4555.293,0,0.000,1,4,48,0
2917,8131216323.114,8131216345.606,8131223843.491,1469.177,7520.377,6051.200,22.492,6028.708,2479.623,0,0.000,1,4,48,0
2918,8131230331.207,8131230350.618,8131231926.580,1575.460,1595.373,19.913,19.411,0.502,8404.627,0,0.000,0,4,48,0
2919,8131239985.096,8131240011.043,8131241517.596,1506.072,1532.500,26.428,25.947,0.481,8467.500,0,0.000,0,4,48,0
2920,8131252694.996,8131252714.226,8131254307.595,1592.946,1612.599,19.653,19.230,0.423,8387.401,0,0.000,0,4,48,0
2921,8131266539.855,8131266561.243,8131268192.663,1630.942,1652.808,21.866,21.388,0.478,8347.192,0,0.000,0,4,48,0
2922,8131279708.052,8131279727.567,8131281308.805,1580.828,1600.753,19.925,19.515,0.410,8399.247,0,0.000,0,4,48,0
2923,8131288312.189,8131288327.009,8131289906.456,1578.884,1594.267,15.383,14.820,0.563,8405.733,0,0.000,0,4,48,0
2924,8131303393.065,8131303413.228,8131304908.778,1495.103,1515.713,20.610,20.163,0.447,8484.287,0,0.000,0,4,48,0
2925,8131315025.630,8131315045.158,8131316575.627,1530.044,1549.997,19.953,19.528,0.425,8450.003,0,0.000,0,4,48,0
2926,8131319912.917,8131319931.144,8131325397.820,1434.295,5484.903,4050.608,18.227,4032.381,4515.097,0,0.000,1,4,48,0
2927,8131330907.161,8131330926.427,8131332456.602,1529.754,1549.441,19.687,19.266,0.421,8450.559,0,0.000,0,4,48,0
2928,8131345448.603,8131345470.353,8131347079.390,1608.580,1630.787,22.207,21.750,0.457,8369.213,0,0.000,0,4,48,0
2929,8131352033.467,8131352051.851,8131356093.099,1586.540,4059.632,2473.092,18.384,2454.708,5940.368,0,0.000,1,4,48,0
2930,8131361894.975,8131361909.120,8131363523.736,1614.173,1628.761,14.588,14.145,0.443,8371.239,0,0.000,0,4,48,0
2931,8131373504.754,8131373524.451,8131375006.802,1481.797,1502.048,20.251,19.697,0.554,8497.952,0,0.000,0,4,48,0
2932,8131387779.358,8131387798.841,8131389336.905,1537.624,1557.547,19.923,19.483,0.440,8442.453,0,0.000,0,4,48,0
2933,8131402433.250,8131402452.895,8131404012.112,1558.784,1578.862,20.078,19.645,0.433,8421.138,0,0.000,0,4,48,0
2934,8131416440.801,8131416460.256,8131417983.394,1522.673,1542.593,19.920,19.455,0.465,8457.407,0,0.000,0,4,48,0
2935,8131425823.495,8131425837.837,8131427407.248,1568.917,1583.753,14.836,14.342,0.494,8416.247,0,0.000,0,4,48,0
2936,8131438835.384,8131438854.291,8131440416.532,1561.845,1581.148,19.303,18.907,0.396,8418.852,0,0.000,0,4,48,0
2937,8131453068.806,8131453088.028,8131454672.181,1583.625,1603.375,19.750,19.222,0.528,8396.625,0,0.000,0,4,48,0
2938,8131464557.650,8131464578.999,8131466171.966,1592.499,1614.316,21.817,21.349,0.468,8385.684,0,0.000,0,4,48,0
2939,8131473639.106,8131473657.235,8131475147.520,1489.884,1508.414,18.530,18.129,0.401,8491.586,0,0.000,0,4,48,0
2940,8131484504.967,8131484524.181,8131486023.900,1499.263,1518.933,19.670,19.214,0.456,8481.067,0,0.000,0,4,48,0
2941,8131492462.774,8131492483.657,8131494087.221,1603.132,1624.447,21.315,20.883,0.432,8375.553,0,0.000,0,4,48,0
2942,8131502203.445,8131502217.798,8131503749.093,1530.532,1545.648,15.116,14.353,0.763,8454.352,0,0.000,0,4,48,0
2943,8131511780.732,8131511797.800,8131513290.619,1492.333,1509.887,17.554,17.068,0.486,8490.113,0,0.000,0,4,48,0
2944,8131526100.213,8131526121.685,8131527643.979,1521.830,1543.766,21.936,21.472,0.464,8456.234,0,0.000,0,4,48,0
2945,8131536671.050,8131536685.192,8131538251.495,1565.844,1580.445,14.601,14.142,0.459,8419.555,0,0.000,0,4,48,0
2946,8131550870.132,8131550889.086,8131552425.658,1536.128,1555.526,19.398,18.954,0.444,8444.474,0,0.000,0,4,48,0
2947,8131562522.335,8131562541.980,8131564122.264,1579.866,1599.929,20.063,19.645,0.418,8400.071,0,0.000,0,4,48,0
2948,8131569076.785,8131569097.295,8131573116.329,1492.033,4039.544,2547.511,20.510,2527.001,5960.456,0,0.000,1,4,48,0
2949,8131580678.002,8131580697.743,8131582336.606,1638.364,1658.604,20.240,19.741,0.499,8341.396,0,0.000,0,4,48,0
2950,8131593395.647,8131593416.291,8131594917.595,1500.894,1521.948,21.054,20.644,0.410,8478.052,0,0.000,0,4,48,0
2951,8131599457.447,8131599477.594,8131604456.532,1575.023,4999.085,3424.062,20.147,3403.915,5000.915,0,0.000,1,4,48,0
2952,8131613117.913,8131613137.069,8131614638.443,1500.968,1520.530,19.562,19.156,0.406,8479.470,0,0.000,0,4,48,0
2953,8131626050.600,8131626069.732,8131627606.140,1535.980,1555.540,19.560,19.132,0.428,8444.460,0,0.000,0,4,48,0
2954,8131638430.729,8131638449.698,8131640123.926,1673.821,1693.197,19.376,18.969,0.407,8306.803,0,0.000,0,4,48,0
2955,8131649581.809,8131649602.785,8131651114.503,1511.235,1532.694,21.459,20.976,0.483,8467.306,0,0.000,0,4,48,0
2956,8131661992.810,8131662016.017,8131663474.906,1458.254,1482.096,23.842,23.207,0.635,8517.904,0,0.000,0,4,48,0
2957,8131671302.588,8131671318.103,8131672877.260,1558.629,1574.672,16.043,15.515,0.528,8425.328,0,0.000,0,4,48,0
2958,8131685871.897,8131685891.599,8131687370.901,1478.826,1499.004,20.178,19.702,0.476,8500.996,0,0.000,0,4,48,0
2959,8131696664.520,8131696683.632,8131698166.667,1482.620,1502.147,19.527,19.112,0.415,8497.853,0,0.000,0,4,48,0
2960,8131705284.550,8131705303.767,8131706881.731,1577.542,1597.181,19.639,19.217,0.422,8402.819,0,0.000,0,4,48,0
2961,8131711250.390,8131711264.234,8131716078.527,1523.941,4828.137,3304.196,13.844,3290.352,5171.863,0,0.000,1,4,48,0
2962,8131726156.475,8131726179.415,8131727723.839,1543.890,1567.364,23.474,22.940,0.534,8432.636,0,0.000,0,4,48,0
2963,8131732914.376,8131732930.172,8131736612.193,1520.900,3697.817,2176.917,15.796,2161.121,6302.183,0,0.000,1,4,48,0
2964,8131740554.100,8131740574.872,8131746302.166,1565.258,5748.066,4182.808,20.772,4162.036,4251.934,0,0.000,1,4,48,0
2965,8131751909.126,8131751928.256,8131753431.633,1502.932,1522.507,19.575,19.130,0.445,8477.493,0,0.000,0,4,48,0
2966,8131757946.264,8131757962.046,8131762425.221,1550.545,4478.957,2928.412,15.782,2912.630,5521.043,0,0.000,1,4,48,0
2967,8131766141.010,8131766162.257,8131771924.604,1487.907,5783.594,4295.687,21.247,4274.440,4216.406,0,0.000,1,4,48,0
2968,8131772663.467,8131772677.892,8131781927.989,1527.976,9264.522,7736.546,14.425,7722.121,735.478,0,0.000,1,4,48,0
2969,8131781330.086,8131781943.649,8131783491.989,1547.939,2161.903,613.964,613.563,0.401,7838.097,0,0.000,0,4,48,0
2970,8131793779.510,8131793800.551,8131795438.437,1637.483,1658.927,21.444,21.041,0.403,8341.073,0,0.000,0,4,48,0
2971,8131805525.110,8131805545.844,8131807184.719,1638.434,1659.609,21.175,20.734,0.441,8340.391,0,0.000,0,4,48,0
2972,8131811222.757,8131811237.990,8131816243.588,1473.091,5020.831,3547.740,15.233,3532.507,4979.169,0,0.000,1,4,48,0
2973,8131820199.297,8131820219.927,8131825541.946,1414.156,5342.649,3928.493,20.630,3907.863,4657.351,0,0.000,1,4,48,0
2974,8131835047.337,8131835067.599,8131836580.339,1512.319,1533.002,20.683,20.262,0.421,8466.998,0,0.000,0,4,48,0
2975,8131849843.633,8131849862.924,8131851360.746,1497.412,1517.113,19.701,19.291,0.410,8482.887,0,0.000,0,4,48,0
2976,8131857090.324,8131857105.007,8131860520.357,1566.856,3430.033,1863.177,14.683,1848.494,6569.967,0,0.000,1,4,48,0
2977,8131871285.249,8131871304.211,8131872908.273,1603.585,1623.024,19.439,18.962,0.477,8376.976,0,0.000,0,4,48,0
2978,8131880575.043,8131880594.036,8131882163.731,1569.297,1588.688,19.391,18.993,0.398,8411.312,0,0.000,0,4,48,0
2979,8131892665.890,8131892684.676,8131894201.595,1516.520,1535.705,19.185,18.786,0.399,8464.295,0,0.000,0,4,48,0
2980,8131899816.758,8131899830.910,8131903174.855,1673.746,3358.097,1684.351,14.152,1670.199,6641.903,0,0.000,1,4,48,0
2981,8131907596.242,8131907614.970,8131912840.868,1556.066,5244.626,3688.560,18.728,3669.832,4755.374,0,0.000,1,4,48,0
2982,8131915599.844,8131915618.102,8131922869.491,1579.980,7269.647,5689.667,18.258,5671.409,2730.353,0,0.000,1,4,48,0
2983,8131929764.882,8131929784.387,8131931276.490,1491.632,1511.608,19.976,19.505,0.471,8488.392,0,0.000,0,4,48,0
2984,8131940988.098,8131941011.248,8131942559.057,1547.339,1570.959,23.620,23.150,0.470,8429.041,0,0.000,0,4,48,0
2985,8131946866.409,8131946884.241,8131951535.393,1654.309,4668.984,3014.675,17.832,2996.843,5331.016,0,0.000,1,4,48,0
2986,8131954105.568,8131954126.021,8131961570.298,1436.407,7464.730,6028.323,20.453,6007.870,2535.270,0,0.000,1,4,48,0
2987,8131964481.023,8131964500.808,8131971005.436,1487.122,6524.413,5037.291,19.785,5017.506,3475.587,0,0.000,1,4,48,0
2988,8131977134.374,8131977162.216,8131978778.242,1615.014,1643.868,28.854,27.842,1.012,8356.132,0,0.000,0,4,48,0
2989,8131982705.053,8131982722.512,8131987463.962,1596.240,4758.909,3162.669,17.459,3145.210,5241.091,0,0.000,1,4,48,0
2990,8131995760.983,8131995795.847,8131997352.650,1555.801,1591.667,35.866,34.864,1.002,8408.333,0,0.000,0,4,48,0
2991,8132009522.788,8132009544.135,8132011098.725,1553.928,1575.937,22.009,21.347,0.662,8424.063,0,0.000,0,4,48,0
2992,8132015421.836,8132015435.898,8132020471.422,1506.942,5049.586,3542.644,14.062,3528.582,4950.414,0,0.000,1,4,48,0
2993,8132022413.926,8132022427.813,8132029552.991,1481.125,7139.065,5657.940,13.887,5644.053,2860.935,0,0.000,1,4,48,0
2994,8132034795.672,8132034815.066,8132036320.212,1504.667,1524.540,19.873,19.394,0.479,8475.460,0,0.000,0,4,48,0
2995,8132049622.654,8132049643.927,8132051061.698,1417.028,1439.044,22.016,21.273,0.743,8560.956,0,0.000,0,4,48,0
2996,8132056615.788,8132056632.662,8132059799.025,1539.907,3183.237,1643.330,16.874,1626.456,6816.763,0,0.000,1,4,48,0
2997,8132070112.202,8132070139.719,8132071704.297,1563.632,1592.095,28.463,27.517,0.946,8407.905,0,0.000,0,4,48,0
2998,8132083372.987,8132083393.424,8132084953.445,1559.525,1580.458,20.933,20.437,0.496,8419.542,0,0.000,0,4,48,0
2999,8132097237.418,8132097256.749,8132098706.987,1449.803,1469.569,19.766,19.331,0.435,8530.431,0,0.000,0,4,48,0
3000,8132103735.641,8132103750.022,8132107657.663,1665.726,3922.022,2256.296,14.381,2241.915,6077.978,0,0.000,1,4,48,0
3001,8132109058.435,8132109078.472,8132117913.104,1578.370,8854.669,7276.299,20.037,7256.262,1145.331,0,0.000,1,4,48,0
3002,8132114801.470,8132117917.508,8132127256.254,1701.540,12454.784,10753.244,3116.038,7637.206,-2454.784,1,2454.784,1,4,48,0
3003,8132120395.609,8132127270.123,8132128780.586,1510.073,8384.977,6874.904,6874.514,0.390,1615.023,0,0.000,0,4,48,0
3004,8132129330.836,8132129345.028,8132138178.268,1590.005,8847.432,7257.427,14.192,7243.235,1152.568,0,0.000,1,4,48,0
3005,8132134377.075,8132138182.460,8132147953.441,1528.470,13576.366,12047.896,3805.385,8242.511,-3576.366,1,3576.366,1,4,48,0
3006,8132149196.054,8132149215.631,8132157253.206,1567.299,8057.152,6489.853,19.577,6470.276,1942.848,0,0.000,1,4,48,0
3007,8132154182.219,8132157257.969,8132167253.474,1532.309,13071.255,11538.946,3075.750,8463.196,-3071.255,1,3071.255,1,4,48,0
3008,8132166818.079,8132167258.284,8132168844.832,1586.112,2026.753,440.641,440.205,0.436,7973.247,0,0.000,0,4,48,0
3009,8132180385.633,8132180406.890,8132181896.983,1489.685,1511.350,21.665,21.257,0.408,8488.650,0,0.000,0,4,48,0
3010,8132186552.170,8132186567.102,8132190497.258,1542.031,3945.088,2403.057,14.932,2388.125,6054.912,0,0.000,1,4,48,0
3011,8132196083.659,8132196105.053,8132197598.205,1492.613,1514.546,21.933,21.394,0.539,8485.454,0,0.000,0,4,48,0
3012,8132206341.219,8132206362.959,8132207916.043,1552.559,1574.824,22.265,21.740,0.525,8425.176,0,0.000,0,4,48,0
3013,8132220373.195,8132220401.104,8132222047.255,1645.278,1674.060,28.782,27.909,0.873,8325.940,0,0.000,0,4,48,0
3014,8132236144.700,8132236166.136,8132237618.723,1451.775,1474.023,22.248,21.436,0.812,8525.977,0,0.000,0,4,48,0
3015,8132240705.676,8132240724.973,8132246408.043,1533.435,5702.367,4168.932,19.297,4149.635,4297.633,0,0.000,1,4,48,0
3016,8132249796.255,8132249811.176,8132256494.865,1521.487,6698.610,5177.123,14.921,5162.202,3301.390,0,0.000,1,4,48,0
3017,8132259081.869,8132259096.894,8132266173.407,1488.650,7091.538,5602.888,15.025,5587.863,2908.462,0,0.000,1,4,48,0
3018,8132273013.217,8132273032.517,8132274595.507,1562.553,1582.290,19.737,19.300,0.437,8417.710,0,0.000,0,4,48,0
3019,8132286562.937,8132286582.906,8132288154.115,1570.622,1591.178,20.556,19.969,0.587,8408.822,0,0.000,0,4,48,0
3020,8132292160.172,8132292177.940,8132297280.669,1535.475,5120.497,3585.022,17.768,3567.254,4879.503,0,0.000,1,4,48,0
3021,8132305056.199,8132305077.533,8132306661.629,1583.671,1605.430,21.759,21.334,0.425,8394.570,0,0.000,0,4,48,0
3022,8132311445.301,8132311460.202,8132316099.937,1568.156,4654.636,3086.480,14.901,3071.579,5345.364,0,0.000,1,4,48,0
3023,8132325852.793,8132325872.261,8132327427.363,1554.606,1574.570,19.964,19.468,0.496,8425.430,0,0.000,0,4,48,0
3024,8132332694.592,8132332709.676,8132336108.212,1541.498,3413.620,1872.122,15.084,1857.038,6586.380,0,0.000,1,4,48,0
3025,8132342198.687,8132342212.620,8132343764.355,1551.317,1565.668,14.351,13.933,0.418,8434.332,0,0.000,0,4,48,0
3026,8132353664.630,8132353683.890,8132355297.910,1613.631,1633.280,19.649,19.260,0.389,8366.720,0,0.000,0,4,48,0
3027,8132363522.233,8132363536.786,8132365023.339,1486.130,1501.106,14.976,14.553,0.423,8498.894,0,0.000,0,4,48,0
3028,8132370304.689,8132370325.735,8132374335.365,1483.738,4030.676,2546.938,21.046,2525.892,5969.324,0,0.000,1,4,48,0
3029,8132375315.857,8132375330.402,8132383539.264,1549.750,8223.407,6673.657,14.545,6659.112,1776.593,0,0.000,1,4,48,0
3030,8132382302.971,8132383554.680,8132393550.735,1426.261,11247.764,9821.503,1251.709,8569.794,-1247.764,1,1247.764,1,4,48,0
3031,8132394060.634,8132394079.784,8132395606.676,1526.490,1546.042,19.552,19.150,0.402,8453.958,0,0.000,0,4,48,0
3032,8132408013.394,8132408032.486,8132409479.188,1446.265,1465.794,19.529,19.092,0.437,8534.206,0,0.000,0,4,48,0
3033,8132414909.452,8132414929.507,8132418564.004,1602.860,3654.552,2051.692,20.055,2031.637,6345.448,0,0.000,1,4,48,0
3034,8132428159.935,8132428179.442,8132429771.423,1591.551,1611.488,19.937,19.507,0.430,8388.512,0,0.000,0,4,48,0
3035,8132434579.953,8132434600.856,8132439320.724,1555.161,4740.771,3185.610,20.903,3164.707,5259.229,0,0.000,1,4,48,0
3036,8132444130.911,8132444151.241,8132445579.064,1427.429,1448.153,20.724,20.330,0.394,8551.847,0,0.000,0,4,48,0
3037,8132454420.116,8132454433.967,8132455958.914,1524.471,1538.798,14.327,13.851,0.476,8461.202,0,0.000,0,4,48,0
3038,8132469272.533,8132469292.362,8132470869.379,1576.596,1596.846,20.250,19.829,0.421,8403.154,0,0.000,0,4,48,0
3039,8132481058.389,8132481078.044,8132482553.175,1474.664,1494.786,20.122,19.655,0.467,8505.214,0,0.000,0,4,48,0
3040,8132491534.581,8132491549.707,8132493052.249,1502.131,1517.668,15.537,15.126,0.411,8482.332,0,0.000,0,4,48,0
3041,8132500094.471,8132500113.496,8132501621.348,1507.441,1526.877,19.436,19.025,0.411,8473.123,0,0.000,0,4,48,0
3042,8132508603.126,8132508617.635,8132510057.801,1439.587,1454.675,15.088,14.509,0.579,8545.325,0,0.000,0,4,48,0
3043,8132517068.703,8132517083.198,8132518613.064,1529.307,1544.361,15.054,14.495,0.559,8455.639,0,0.000,0,4,48,0
3044,8132523604.042,8132523620.567,8132527175.202,1483.489,3571.160,2087.671,16.525,2071.146,6428.840,0,0.000,1,4,48,0
3045,8132532074.541,8132532091.758,8132537095.397,1546.950,5020.856,3473.906,17.217,3456.689,4979.144,0,0.000,1,4,48,0
3046,8132540344.590,8132540358.976,8132541891.999,1532.353,1547.409,15.056,14.386,0.670,8452.591,0,0.000,0,4,48,0
3047,8132550909.873,8132550925.289,8132552470.234,1544.520,1560.361,15.841,15.416,0.425,8439.639,0,0.000,0,4,48,0
3048,8132564792.244,8132564815.626,8132566380.754,1564.627,1588.510,23.883,23.382,0.501,8411.490,0,0.000,0,4,48,0
3049,8132574993.453,8132575014.273,8132576576.431,1561.681,1582.978,21.297,20.820,0.477,8417.022,0,0.000,0,4,48,0
3050,8132583575.249,8132583594.562,8132585129.386,1534.355,1554.137,19.782,19.313,0.469,8445.863,0,0.000,0,4,48,0
3051,8132594639.367,8132594660.252,8132596202.238,1541.306,1562.871,21.565,20.885,0.680,8437.129,0,0.000,0,4,48,0
3052,8132601078.734,8132601094.235,8132605235.747,1497.890,4157.013,2659.123,15.501,2643.622,5842.987,0,0.000,1,4,48,0
3053,8132610419.060,8132610433.136,8132611996.895,1563.352,1577.835,14.483,14.076,0.407,8422.165,0,0.000,0,4,48,0
3054,8132617307.210,8132617324.832,8132621322.105,1574.336,4014.895,2440.559,17.622,2422.937,5985.105,0,0.000,1,4,48,0
3055,8132625296.167,8132625316.899,8132630449.530,1439.984,5153.363,3713.379,20.732,3692.647,4846.637,0,0.000,1,4,48,0
3056,8132633157.013,8132633171.128,8132640447.221,1540.876,7290.208,5749.332,14.115,5735.217,2709.792,0,0.000,1,4,48,0
3057,8132643197.391,8132643219.400,8132644787.697,1567.743,1590.306,22.563,22.009,0.554,8409.694,0,0.000,0,4,48,0
3058,8132649675.770,8132649690.531,8132653450.038,1559.193,3774.268,2215.075,14.761,2200.314,6225.732,0,0.000,1,4,48,0
3059,8132657815.618,8132657829.536,8132663604.318,1570.160,5788.700,4218.540,13.918,4204.622,4211.300,0,0.000,1,4,48,0
3060,8132670957.543,8132670977.008,8132672513.815,1536.391,1556.272,19.881,19.465,0.416,8443.728,0,0.000,0,4,48,0
3061,8132678186.119,8132678206.734,8132681770.262,1602.458,3584.143,1981.685,20.615,1961.070,6415.857,0,0.000,1,4,48,0
3062,8132686449.545,8132686463.695,8132690987.052,1532.792,4537.507,3004.715,14.150,2990.565,5462.493,0,0.000,1,4,48,0
3063,8132695133.844,8132695148.945,8132696622.826,1473.470,1488.982,15.512,15.101,0.411,8511.018,0,0.000,0,4,48,0
3064,8132705160.681,8132705181.937,8132706672.694,1490.336,1512.013,21.677,21.256,0.421,8487.987,0,0.000,0,4,48,0
3065,8132715680.763,8132715696.844,8132717238.449,1541.187,1557.686,16.499,16.081,0.418,8442.314,0,0.000,0,4,48,0
3066,8132725646.991,8132725666.364,8132727208.973,1542.204,1561.982,19.778,19.373,0.405,8438.018,0,0.000,0,4,48,0
3067,8132730860.287,8132730879.247,8132736116.338,1583.171,5256.051,3672.880,18.960,3653.920,4743.949,0,0.000,1,4,48,0
3068,8132736063.287,8132736120.296,8132746352.610,1561.539,10289.323,8727.784,57.009,8670.775,-289.323,1,289.323,1,4,48,0
3069,8132744333.947,8132746362.961,8132755666.468,1559.792,11332.521,9772.729,2029.014,7743.715,-1332.521,1,1332.521,1,4,48,0
3070,8132755620.367,8132755671.827,8132757207.952,1535.671,1587.585,51.914,51.460,0.454,8412.415,0,0.000,0,4,48,0
3071,8132767958.674,8132767980.954,8132769505.707,1524.212,1547.033,22.821,22.280,0.541,8452.967,0,0.000,0,4,48,0
3072,8132782510.034,8132782529.935,8132784057.698,1527.339,1547.664,20.325,19.901,0.424,8452.336,0,0.000,0,4,48,0
3073,8132789746.988,8132789761.649,8132792814.527,1537.726,3067.539,1529.813,14.661,1515.152,6932.461,0,0.000,1,4,48,0
3074,8132799415.410,8132799436.397,8132800998.681,1561.803,1583.271,21.468,20.987,0.481,8416.729,0,0.000,0,4,48,0
3075,8132807685.855,8132807705.730,8132809230.064,1523.852,1544.209,20.357,19.875,0.482,8455.791,0,0.000,0,4,48,0
3076,8132821400.867,8132821422.698,8132823025.212,1602.064,1624.345,22.281,21.831,0.450,8375.655,0,0.000,0,4,48,0
3077,8132834436.294,8132834455.850,8132836029.349,1573.087,1593.055,19.968,19.556,0.412,8406.945,0,0.000,0,4,48,0
3078,8132841671.575,8132841688.982,8132844681.921,1552.368,3010.346,1457.978,17.407,1440.571,6989.654,0,0.000,1,4,48,0
3079,8132855581.843,8132855601.194,8132857061.388,1459.791,1479.545,19.754,19.351,0.403,8520.455,0,0.000,0,4,48,0
3080,8132869713.574,8132869733.215,8132871334.683,1601.019,1621.109,20.090,19.641,0.449,8378.891,0,0.000,0,4,48,0
3081,8132881580.948,8132881602.158,8132883145.663,1543.086,1564.715,21.629,21.210,0.419,8435.285,0,0.000,0,4,48,0
3082,8132895017.660,8132895036.531,8132896540.551,1503.468,1522.891,19.423,18.871,0.552,8477.109,0,0.000,0,4,48,0
3083,8132906862.692,8132906882.242,8132908425.233,1542.544,1562.541,19.997,19.550,0.447,8437.459,0,0.000,0,4,48,0
3084,8132913354.292,8132913372.139,8132917858.365,1619.764,4504.073,2884.309,17.847,2866.462,5495.927,0,0.000,1,4,48,0
3085,8132918549.750,8132918564.075,8132927027.938,1585.449,8478.188,6892.739,14.325,6878.414,1521.812,0,0.000,1,4,48,0
3086,8132930783.418,8132930803.365,8132937113.405,1436.595,6329.987,4893.392,19.947,4873.445,3670.013,0,0.000,1,4,48,0
3087,8132939252.179,8132939269.456,8132940892.836,1622.797,1640.657,17.860,17.277,0.583,8359.343,0,0.000,0,4,48,0
3088,8132947652.393,8132947667.537,8132949171.861,1503.922,1519.468,15.546,15.144,0.402,8480.532,0,0.000,0,4,48,0
3089,8132960377.282,8132960396.615,8132961956.813,1559.769,1579.531,19.762,19.333,0.429,8420.469,0,0.000,0,4,48,0
3090,8132974907.009,8132974925.661,8132976391.090,1465.029,1484.081,19.052,18.652,0.400,8515.919,0,0.000,0,4,48,0
3091,8132989530.018,8132989549.544,8132991142.946,1592.995,1612.928,19.933,19.526,0.407,8387.072,0,0.000,0,4,48,0
3092,8132999038.019,8132999057.316,8133000565.704,1507.986,1527.685,19.699,19.297,0.402,8472.315,0,0.000,0,4,48,0
3093,8133012927.882,8133012951.258,8133014558.892,1607.204,1631.010,23.806,23.376,0.430,8368.990,0,0.000,0,4,48,0
3094,8133019499.281,8133019521.302,8133024008.016,1554.484,4508.735,2954.251,22.021,2932.230,5491.265,0,0.000,1,4,48,0
3095,8133031215.952,8133031235.726,8133032740.539,1504.387,1524.587,20.200,19.774,0.426,8475.413,0,0.000,0,4,48,0
3096,8133041799.456,8133041818.350,8133043412.751,1593.843,1613.295,19.452,18.894,0.558,8386.705,0,0.000,0,4,48,0
3097,8133049974.587,8133049993.712,8133051544.453,1550.338,1569.866,19.528,19.125,0.403,8430.134,0,0.000,0,4,48,0
3098,8133060809.235,8133060829.310,8133062423.328,1593.605,1614.093,20.488,20.075,0.413,8385.907,0,0.000,0,4,48,0
3099,8133070803.981,8133070834.021,8133072282.358,1447.364,1478.377,31.013,30.040,0.973,8521.623,0,0.000,0,4,48,0
3100,8133080838.713,8133080862.289,8133082360.456,1497.584,1521.743,24.159,23.576,0.583,8478.257,0,0.000,0,4,48,0
3101,8133093884.036,8133093904.522,8133095466.079,1561.024,1582.043,21.019,20.486,0.533,8417.957,0,0.000,0,4,48,0
3102,8133100605.647,8133100621.397,8133104007.994,1489.657,3402.347,1912.690,15.750,1896.940,6597.653,0,0.000,1,4,48,0
3103,8133114824.313,8133114845.796,8133116377.644,1531.285,1553.331,22.046,21.483,0.563,8446.669,0,0.000,0,4,48,0
3104,8133120889.615,8133120905.113,8133125298.085,1562.287,4408.470,2846.183,15.498,2830.685,5591.530,0,0.000,1,4,48,0
3105,8133130264.668,8133130286.875,8133134847.816,1508.379,4583.148,3074.769,22.207,3052.562,5416.852,0,0.000,1,4,48,0
3106,8133138205.373,8133138229.517,8133144858.916,1568.323,6653.543,5085.220,24.144,5061.076,3346.457,0,0.000,1,4,48,0
3107,8133153151.722,8133153171.486,8133154713.936,1541.868,1562.214,20.346,19.764,0.582,8437.786,0,0.000,0,4,48,0
3108,8133166945.488,8133166965.416,8133168524.832,1558.955,1579.344,20.389,19.928,0.461,8420.656,0,0.000,0,4,48,0
3109,8133181639.351,8133181659.276,8133183265.147,1605.398,1625.796,20.398,19.925,0.473,8374.204,0,0.000,0,4,48,0
3110,8133193599.345,8133193619.181,8133195171.478,1551.802,1572.133,20.331,19.836,0.495,8427.867,0,0.000,0,4,48,0
3111,8133203364.855,8133203392.981,8133204947.421,1553.923,1582.566,28.643,28.126,0.517,8417.434,0,0.000,0,4,48,0
3112,8133217140.898,8133217160.808,8133218648.519,1487.187,1507.621,20.434,19.910,0.524,8492.379,0,0.000,0,4,48,0
3113,8133226384.111,8133226403.615,8133227866.960,1462.909,1482.849,19.940,19.504,0.436,8517.151,0,0.000,0,4,48,0
3114,8133232461.786,8133232475.748,8133237392.870,1529.049,4931.084,3402.035,13.962,3388.073,5068.916,0,0.000,1,4,48,0
3115,8133239382.388,8133239396.151,8133246397.936,1525.712,7015.548,5489.836,13.763,5476.073,2984.452,0,0.000,1,4,48,0
3116,8133248034.287,8133248050.197,8133256397.909,1520.761,8363.622,6842.861,15.910,6826.951,1636.378,0,0.000,1,4,48,0
3117,8133260527.415,8133260546.518,8133262096.389,1549.400,1568.974,19.574,19.103,0.471,8431.026,0,0.000,0,4,48,0
3118,8133270973.797,8133270990.718,8133272513.709,1522.585,1539.912,17.327,16.921,0.406,8460.088,0,0.000,0,4,48,0
3119,8133279563.250,8133279582.661,8133281153.452,1570.390,1590.202,19.812,19.411,0.401,8409.798,0,0.000,0,4,48,0
3120,8133291246.702,8133291266.048,8133292790.842,1524.305,1544.140,19.835,19.346,0.489,8455.860,0,0.000,0,4,48,0
3121,8133296151.105,8133296165.370,8133301950.617,1531.906,5799.512,4267.606,14.265,4253.341,4200.488,0,0.000,1,4,48,0
3122,8133310937.950,8133310957.809,8133312438.530,1480.205,1500.580,20.375,19.859,0.516,8499.420,0,0.000,0,4,48,0
3123,8133325805.848,8133325825.252,8133327339.340,1513.655,1533.492,19.837,19.404,0.433,8466.508,0,0.000,0,4,48,0
3124,8133331567.065,8133331582.740,8133335914.836,1521.429,4347.771,2826.342,15.675,2810.667,5652.229,0,0.000,1,4,48,0
3125,8133341729.514,8133341743.131,8133343175.422,1431.871,1445.908,14.037,13.617,0.420,8554.092,0,0.000,0,4,48,0
3126,8133352604.360,8133352623.558,8133354206.520,1582.519,1602.160,19.641,19.198,0.443,8397.840,0,0.000,0,4,48,0
3127,8133358890.572,8133358911.094,8133363093.071,1574.558,4202.499,2627.941,20.522,2607.419,5797.501,0,0.000,1,4,48,0
3128,8133364562.666,8133364582.824,8133372684.343,1490.728,8121.677,6630.949,20.158,6610.791,1878.323,0,0.000,1,4,48,0
3129,8133378582.751,8133378602.121,8133380121.742,1519.216,1538.991,19.775,19.370,0.405,8461.009,0,0.000,0,4,48,0
3130,8133391085.481,8133391107.546,8133392731.554,1623.577,1646.073,22.496,22.065,0.431,8353.927,0,0.000,0,4,48,0
3131,8133397907.826,8133397921.907,8133401666.136,1654.685,3758.310,2103.625,14.081,2089.544,6241.690,0,0.000,1,4,48,0
3132,8133404018.744,8133404032.029,8133411587.528,1452.397,7568.784,6116.387,13.285,6103.102,2431.216,0,0.000,1,4,48,0
3133,8133417135.695,8133417154.483,8133418711.376,1556.476,1575.681,19.205,18.788,0.417,8424.319,0,0.000,0,4,48,0
3134,8133429577.302,8133429596.599,8133431046.889,1449.890,1469.587,19.697,19.297,0.400,8530.413,0,0.000,0,4,48,0
3135,8133442428.100,8133442447.120,8133444012.552,1565.025,1584.452,19.427,19.020,0.407,8415.548,0,0.000,0,4,48,0
3136,8133455382.141,8133455403.762,8133456940.821,1536.659,1558.680,22.021,21.621,0.400,8441.320,0,0.000,0,4,48,0
3137,8133462888.222,8133462907.393,8133465849.872,1556.078,2961.650,1405.572,19.171,1386.401,7038.350,0,0.000,1,4,48,0
3138,8133477796.714,8133477815.734,8133479360.564,1544.410,1563.850,19.440,19.020,0.420,8436.150,0,0.000,0,4,48,0
3139,8133490811.315,8133490830.079,8133492302.084,1471.572,1490.769,19.197,18.764,0.433,8509.231,0,0.000,0,4,48,0
3140,8133498027.329,8133498047.656,8133501335.439,1472.807,3308.110,1835.303,20.327,1814.976,6691.890,0,0.000,1,4,48,0
3141,8133510328.992,8133510349.142,8133511853.228,1503.656,1524.236,20.580,20.150,0.430,8475.764,0,0.000,0,4,48,0
3142,8133521685.054,8133521706.284,8133523284.354,1577.663,1599.300,21.637,21.230,0.407,8400.700,0,0.000,0,4,48,0
3143,8133529601.984,8133529616.132,8133532826.329,1522.047,3224.345,1702.298,14.148,1688.150,6775.655,0,0.000,1,4,48,0
3144,8133537502.981,8133537516.472,8133539061.379,1544.412,1558.398,13.986,13.491,0.495,8441.602,0,0.000,0,4,48,0
3145,8133551751.118,8133551771.408,8133553289.908,1518.099,1538.790,20.691,20.290,0.401,8461.210,0,0.000,0,4,48,0
3146,8133562777.179,8133562796.296,8133564318.194,1521.485,1541.015,19.530,19.117,0.413,8458.985,0,0.000,0,4,48,0
3147,8133568287.301,8133568308.641,8133573572.372,1481.579,5285.071,3803.492,21.340,3782.152,4714.929,0,0.000,1,4,48,0
3148,8133574167.458,8133574181.212,8133582801.380,1535.214,8633.922,7098.708,13.754,7084.954,1366.078,0,0.000,1,4,48,0
3149,8133586677.992,8133586710.619,8133588442.654,1731.592,1764.662,33.070,32.627,0.443,8235.338,0,0.000,0,4,48,0
3150,8133598422.459,8133598441.444,8133600024.844,1582.994,1602.385,19.391,18.985,0.406,8397.615,0,0.000,0,4,48,0
3151,8133604018.784,8133604038.350,8133609058.650,1588.601,5039.866,3451.265,19.566,3431.699,4960.134,0,0.000,1,4,48,0
3152,8133615666.222,8133615685.252,8133617193.413,1507.594,1527.191,19.597,19.030,0.567,8472.809,0,0.000,0,4,48,0
3153,8133622238.336,8133622252.721,8133626479.566,1557.741,4241.230,2683.489,14.385,2669.104,5758.770,0,0.000,1,4,48,0
3154,8133631619.959,8133631642.516,8133633235.528,1592.605,1615.569,22.964,22.557,0.407,8384.431,0,0.000,0,4,48,0
3155,8133646702.738,8133646724.398,8133648218.891,1493.993,1516.153,22.160,21.660,0.500,8483.847,0,0.000,0,4,48,0
3156,8133653909.372,8133653924.095,8133657139.306,1508.239,3229.934,1721.695,14.723,1706.972,6770.066,0,0.000,1,4,48,0
3157,8133668349.950,8133668369.041,8133669877.717,1508.245,1527.767,19.522,19.091,0.431,8472.233,0,0.000,0,4,48,0
3158,8133680751.228,8133680769.982,8133682254.732,1484.347,1503.504,19.157,18.754,0.403,8496.496,0,0.000,0,4,48,0
3159,8133693468.512,8133693487.738,8133695047.213,1558.990,1578.701,19.711,19.226,0.485,8421.299,0,0.000,0,4,48,0
3160,8133707506.807,8133707527.571,8133709062.885,1534.884,1556.078,21.194,20.764,0.430,8443.922,0,0.000,0,4,48,0
3161,8133716671.074,8133716684.824,8133718248.643,1563.413,1577.569,14.156,13.750,0.406,8422.431,0,0.000,0,4,48,0
3162,8133726625.123,8133726638.729,8133728163.446,1524.321,1538.323,14.002,13.606,0.396,8461.677,0,0.000,0,4,48,0
3163,8133740397.261,8133740416.216,8133741924.313,1507.685,1527.052,19.367,18.955,0.412,8472.948,0,0.000,0,4,48,0
3164,8133746703.180,8133746721.105,8133750748.859,1626.139,4045.679,2419.540,17.925,2401.615,5954.321,0,0.000,1,4,48,0
3165,8133759413.384,8133759431.846,8133761033.275,1601.028,1619.891,18.863,18.462,0.401,8380.109,0,0.000,0,4,48,0
3166,8133765286.360,8133765300.695,8133770315.917,1595.445,5029.557,3434.112,14.335,3419.777,4970.443,0,0.000,1,4,48,0
3167,8133777056.767,8133777075.817,8133778493.240,1416.933,1436.473,19.540,19.050,0.490,8563.527,0,0.000,0,4,48,0
3168,8133785136.942,8133785151.216,8133786676.184,1524.472,1539.242,14.770,14.274,0.496,8460.758,0,0.000,0,4,48,0
3169,8133790929.350,8133790949.041,8133795627.125,1538.955,4697.775,3158.820,19.691,3139.129,5302.225,0,0.000,1,4,48,0
3170,8133796755.580,8133796769.269,8133805428.131,1517.345,8672.551,7155.206,13.689,7141.517,1327.449,0,0.000,1,4,48,0
3171,8133804685.667,8133805432.334,8133815151.557,1544.746,10465.890,8921.144,746.667,8174.477,-465.890,1,465.890,1,4,48,0
3172,8133819542.471,8133819562.740,8133821172.134,1608.907,1629.663,20.756,20.269,0.487,8370.337,0,0.000,0,4,48,0
3173,8133830283.191,8133830304.372,8133831798.623,1493.825,1515.432,21.607,21.181,0.426,8484.568,0,0.000,0,4,48,0
3174,8133837317.583,8133837335.656,8133841187.035,1566.277,3869.452,2303.175,18.073,2285.102,6130.548,0,0.000,1,4,48,0
3175,8133847836.446,8133847857.261,8133849306.699,1448.757,1470.253,21.496,20.815,0.681,8529.747,0,0.000,0,4,48,0
3176,8133859200.619,8133859220.754,8133860720.863,1499.597,1520.244,20.647,20.135,0.512,8479.756,0,0.000,0,4,48,0
3177,8133871232.200,8133871251.438,8133872766.115,1514.141,1533.915,19.774,19.238,0.536,8466.085,0,0.000,0,4,48,0
3178,8133880264.438,8133880285.677,8133881807.760,1521.643,1543.322,21.679,21.239,0.440,8456.678,0,0.000,0,4,48,0
3179,8133892305.823,8133892327.841,8133893850.070,1521.703,1544.247,22.544,22.018,0.526,8455.753,0,0.000,0,4,48,0
3180,8133906560.060,8133906579.611,8133908040.164,1460.123,1480.104,19.981,19.551,0.430,8519.896,0,0.000,0,4,48,0
3181,8133912032.542,8133912047.560,8133917152.016,1538.502,5119.474,3580.972,15.018,3565.954,4880.526,0,0.000,1,4,48,0
3182,8133926302.203,8133926326.890,8133927840.633,1513.026,1538.430,25.404,24.687,0.717,8461.570,0,0.000,0,4,48,0
3183,8133939017.300,8133939046.896,8133940717.191,1669.291,1699.891,30.600,29.596,1.004,8300.109,0,0.000,0,4,48,0
3184,8133948458.348,8133948483.630,8133950057.345,1572.959,1598.997,26.038,25.282,0.756,8401.003,0,0.000,0,4,48,0
3185,8133959571.539,8133959593.278,8133961063.348,1469.577,1491.809,22.232,21.739,0.493,8508.191,0,0.000,0,4,48,0
3186,8133965626.353,8133965644.879,8133969751.211,1529.050,4124.858,2595.808,18.526,2577.282,5875.142,0,0.000,1,4,48,0
3187,8133977307.240,8133977326.485,8133978885.960,1559.008,1578.720,19.712,19.245,0.467,8421.280,0,0.000,0,4,48,0
3188,8133985967.047,8133985981.351,8133987467.479,1485.714,1500.432,14.718,14.304,0.414,8499.568,0,0.000,0,4,48,0
3189,8133993977.713,8133993991.269,8133995504.175,1512.336,1526.462,14.126,13.556,0.570,8473.538,0,0.000,0,4,48,0
3190,8134002574.873,8134002589.200,8134004128.991,1539.304,1554.118,14.814,14.327,0.487,8445.882,0,0.000,0,4,48,0
3191,8134014908.953,8134014929.793,8134016537.911,1607.676,1628.958,21.282,20.840,0.442,8371.042,0,0.000,0,4,48,0
3192,8134026274.598,8134026296.087,8134027919.727,1623.188,1645.129,21.941,21.489,0.452,8354.871,0,0.000,0,4,48,0
3193,8134033130.385,8134033144.802,8134036985.972,1561.849,3855.587,2293.738,14.417,2279.321,6144.413,0,0.000,1,4,48,0
3194,8134045084.757,8134045103.621,8134046639.463,1535.421,1554.706,19.285,18.864,0.421,8445.294,0,0.000,0,4,48,0
3195,8134050250.718,8134050264.949,8134055886.538,1529.041,5635.820,4106.779,14.231,4092.548,4364.180,0,0.000,1,4,48,0
3196,8134059664.899,8134059678.890,8134065314.282,1540.630,5649.383,4108.753,13.991,4094.762,4350.617,0,0.000,1,4,48,0
3197,8134066534.393,8134066553.591,8134075214.923,1561.308,8680.530,7119.222,19.198,7100.024,1319.470,0,0.000,1,4,48,0
3198,8134079676.334,8134079696.471,8134081238.724,1541.737,1562.390,20.653,20.137,0.516,8437.610,0,0.000,0,4,48,0
3199,8134094014.153,8134094037.459,8134095589.488,1551.528,1575.335,23.807,23.306,0.501,8424.665,0,0.000,0,4,48,0
3200,8134103074.390,8134103090.942,8134104676.937,1585.582,1602.547,16.965,16.552,0.413,8397.453,0,0.000,0,4,48,0
3201,8134117683.694,8134117699.028,8134119271.115,1571.591,1587.421,15.830,15.334,0.496,8412.579,0,0.000,0,4,48,0
3202,8134124607.522,8134124629.549,8134127858.604,1542.943,3251.082,1708.139,22.027,1686.112,6748.918,0,0.000,1,4,48,0
3203,8134138905.988,8134138926.824,8134140530.056,1602.817,1624.068,21.251,20.836,0.415,8375.932,0,0.000,0,4,48,0
3204,8134153228.964,8134153251.430,8134154857.632,1605.786,1628.668,22.882,22.466,0.416,8371.332,0,0.000,0,4,48,0
3205,8134164903.063,8134164922.046,8134166414.946,1492.476,1511.883,19.407,18.983,0.424,8488.117,0,0.000,0,4,48,0
3206,8134177578.041,8134177599.142,8134179096.115,1484.287,1518.074,33.787,21.101,12.686,8481.926,0,0.000,0,4,48,0
3207,8134186975.130,8134186995.187,8134188486.104,1490.495,1510.974,20.479,20.057,0.422,8489.026,0,0.000,0,4,48,0
3208,8134197219.322,8134197238.883,8134198768.959,1529.619,1549.637,20.018,19.561,0.457,8450.363,0,0.000,0,4,48,0
3209,8134209055.507,8134209074.706,8134210600.340,1525.193,1544.833,19.640,19.199,0.441,8455.167,0,0.000,0,4,48,0
3210,8134215978.284,8134215995.189,8134219633.554,1579.280,3655.270,2075.990,16.905,2059.085,6344.730,0,0.000,1,4,48,0
3211,8134228962.296,8134228981.225,8134230518.991,1537.301,1556.695,19.394,18.929,0.465,8443.305,0,0.000,0,4,48,0
3212,8134242059.162,8134242078.277,8134243568.757,1490.041,1509.595,19.554,19.115,0.439,8490.405,0,0.000,0,4,48,0
3213,8134255841.741,8134255861.241,8134257391.310,1529.622,1549.569,19.947,19.500,0.447,8450.431,0,0.000,0,4,48,0
3214,8134267064.837,8134267083.672,8134268639.648,1555.552,1574.811,19.259,18.835,0.424,8425.189,0,0.000,0,4,48,0
3215,8134277481.862,8134277497.720,8134278981.623,1483.494,1499.761,16.267,15.858,0.409,8500.239,0,0.000,0,4,48,0
3216,8134290015.249,8134290034.546,8134291528.866,1493.899,1513.617,19.718,19.297,0.421,8486.383,0,0.000,0,4,48,0
3217,8134301224.451,8134301243.310,8134302744.245,1500.499,1519.794,19.295,18.859,0.436,8480.206,0,0.000,0,4,48,0
3218,8134307715.506,8134307732.949,8134311513.074,1547.916,3797.568,2249.652,17.443,2232.209,6202.432,0,0.000,1,4,48,0
3219,8134315770.745,8134315784.915,8134321681.394,1655.477,5910.649,4255.172,14.170,4241.002,4089.351,0,0.000,1,4,48,0
3220,8134324493.592,8134324510.119,8134331433.479,1682.746,6939.887,5257.141,16.527,5240.614,3060.113,0,0.000,1,4,48,0
3221,8134338807.079,8134338826.310,8134340267.937,1441.220,1460.858,19.638,19.231,0.407,8539.142,0,0.000,0,4,48,0
3222,8134344315.120,8134344329.571,8134349731.080,1590.698,5415.960,3825.262,14.451,3810.811,4584.040,0,0.000,1,4,48,0
3223,8134352407.846,8134352421.472,8134358896.705,1659.638,6488.859,4829.221,13.626,4815.595,3511.141,0,0.000,1,4,48,0
3224,8134360030.943,8134360051.828,8134368825.651,1519.360,8794.708,7275.348,20.885,7254.463,1205.292,0,0.000,1,4,48,0
3225,8134373375.981,8134373395.001,8134374908.811,1513.314,1532.830,19.516,19.020,0.496,8467.170,0,0.000,0,4,48,0
3226,8134381333.128,8134381352.595,8134382854.732,1501.708,1521.604,19.896,19.467,0.429,8478.396,0,0.000,0,4,48,0
3227,8134388035.299,8134388063.172,8134391946.940,1548.541,3911.641,2363.100,27.873,2335.227,6088.359,0,0.000,1,4,48,0
3228,8134396889.806,8134396905.920,8134398433.781,1527.181,1543.975,16.794,16.114,0.680,8456.025,0,0.000,0,4,48,0
3229,8134405575.661,8134405591.386,8134407154.654,1562.677,1578.993,16.316,15.725,0.591,8421.007,0,0.000,0,4,48,0
3230,8134412770.949,8134412793.165,8134415902.570,1530.321,3131.621,1601.300,22.216,1579.084,6868.379,0,0.000,1,4,48,0
3231,8134420199.364,8134420213.943,8134425594.312,1470.879,5394.948,3924.069,14.579,3909.490,4605.052,0,0.000,1,4,48,0
3232,8134432684.680,8134432705.567,8134434285.277,1579.169,1600.597,21.428,20.887,0.541,8399.403,0,0.000,0,4,48,0
3233,8134446017.411,8134446037.247,8134447610.033,1572.329,1592.622,20.293,19.836,0.457,8407.378,0,0.000,0,4,48,0
3234,8134460372.927,8134460392.383,8134461942.874,1550.056,1569.947,19.891,19.456,0.435,8430.053,0,0.000,0,4,48,0
3235,8134471309.042,8134471330.075,8134472803.982,1473.501,1494.940,21.439,21.033,0.406,8505.060,0,0.000,0,4,48,0
3236,8134479009.441,8134479023.248,8134480479.703,1456.060,1470.262,14.202,13.807,0.395,8529.738,0,0.000,0,4,48,0
3237,8134492167.162,8134492187.184,8134493621.497,1433.797,1454.335,20.538,20.022,0.516,8545.665,0,0.000,0,4,48,0
3238,8134502547.865,8134502562.109,8134504199.650,1637.085,1651.785,14.700,14.244,0.456,8348.215,0,0.000,0,4,48,0
3239,8134508301.996,8134508321.038,8134513430.101,1557.018,5128.105,3571.087,19.042,3552.045,4871.895,0,0.000,1,4,48,0
3240,8134518650.870,8134518676.970,8134522779.144,1552.681,4128.274,2575.593,26.100,2549.493,5871.726,0,0.000,1,4,48,0
3241,8134527302.968,8134527321.695,8134528864.816,1542.620,1561.848,19.228,18.727,0.501,8438.152,0,0.000,0,4,48,0
3242,8134538666.390,8134538687.523,8134540209.088,1521.052,1542.698,21.646,21.133,0.513,8457.302,0,0.000,0,4,48,0
3243,8134550709.246,8134550729.247,8134552319.642,1589.888,1610.396,20.508,20.001,0.507,8389.604,0,0.000,0,4,48,0
3244,8134562720.289,8134562740.227,8134564295.158,1554.515,1574.869,20.354,19.938,0.416,8425.131,0,0.000,0,4,48,0
3245,8134573267.989,8134573286.943,8134574870.326,1582.967,1602.337,19.370,18.954,0.416,8397.663,0,0.000,0,4,48,0
3246,8134586948.552,8134586967.768,8134588491.539,1523.184,1542.987,19.803,19.216,0.587,8457.013,0,0.000,0,4,48,0
3247,8134595826.350,8134595843.754,8134597342.411,1498.221,1516.061,17.840,17.404,0.436,8483.939,0,0.000,0,4,48,0
3248,8134605497.104,8134605518.530,8134607042.592,1523.663,1545.488,21.825,21.426,0.399,8454.512,0,0.000,0,4,48,0
3249,8134616694.849,8134616715.149,8134618260.119,1544.531,1565.270,20.739,20.300,0.439,8434.730,0,0.000,0,4,48,0
3250,8134626319.738,8134626334.299,8134627953.260,1618.509,1633.522,15.013,14.561,0.452,8366.478,0,0.000,0,4,48,0
3251,8134632128.463,8134632142.389,8134637026.103,1546.631,4897.640,3351.009,13.926,3337.083,5102.360,0,0.000,1,4,48,0
3252,8134646053.480,8134646073.487,8134647703.647,1629.615,1650.167,20.552,20.007,0.545,8349.833,0,0.000,0,4,48,0
3253,8134654324.709,8134654346.167,8134655885.909,1539.251,1561.200,21.949,21.458,0.491,8438.800,0,0.000,0,4,48,0
3254,8134662806.217,8134662820.518,8134664325.628,1504.706,1519.411,14.705,14.301,0.404,8480.589,0,0.000,0,4,48,0
3255,8134668419.160,8134668434.679,8134673817.439,1562.180,5398.279,3836.099,15.519,3820.580,4601.721,0,0.000,1,4,48,0
3256,8134674902.205,8134674923.723,8134683296.483,1550.209,8394.278,6844.069,21.518,6822.551,1605.722,0,0.000,1,4,48,0
3257,8134688824.262,8134688843.949,8134690450.900,1606.506,1626.638,20.132,19.687,0.445,8373.362,0,0.000,0,4,48,0
3258,8134700467.017,8134700485.933,8134702049.081,1562.749,1582.064,19.315,18.916,0.399,8417.936,0,0.000,0,4,48,0
3259,8134706037.051,8134706053.506,8134711070.073,1546.090,5033.022,3486.932,16.455,3470.477,4966.978,0,0.000,1,4,48,0
3260,8134720313.641,8134720333.585,8134721947.788,1613.751,1634.147,20.396,19.944,0.452,8365.853,0,0.000,0,4,48,0
3261,8134726242.480,8134726256.370,8134731153.620,1577.895,4911.140,3333.245,13.890,3319.355,5088.860,0,0.000,1,4,48,0
3262,8134732616.110,8134732630.436,8134740554.270,1593.886,7938.160,6344.274,14.326,6329.948,2061.840,0,0.000,1,4,48,0
3263,8134738522.112,8134740564.966,8134750477.582,1561.420,11955.470,10394.050,2042.854,8351.196,-1955.470,1,1955.470,1,4,48,0
3264,8134748063.595,8134750518.490,8134752029.906,1510.892,3966.311,2455.419,2454.895,0.524,6033.689,0,0.000,0,4,48,0
3265,8134763022.584,8134763044.226,8134764574.346,1529.594,1551.762,22.168,21.642,0.526,8448.238,0,0.000,0,4,48,0
3266,8134770153.530,8134770176.510,8134773774.427,1572.356,3620.897,2048.541,22.980,2025.561,6379.103,0,0.000,1,4,48,0
3267,8134780852.841,8134780867.522,8134782435.295,1567.300,1582.454,15.154,14.681,0.473,8417.546,0,0.000,0,4,48,0
3268,8134795626.452,8134795648.557,8134797231.156,1582.070,1604.704,22.634,22.105,0.529,8395.296,0,0.000,0,4,48,0
3269,8134804649.288,8134804669.314,8134806220.259,1550.533,1570.971,20.438,20.026,0.412,8429.029,0,0.000,0,4,48,0
3270,8134810570.595,8134810590.545,8134815822.901,1580.965,5252.306,3671.341,19.950,3651.391,4747.694,0,0.000,1,4,48,0
3271,8134823704.987,8134823724.940,8134825289.412,1564.062,1584.425,20.363,19.953,0.410,8415.575,0,0.000,0,4,48,0
3272,8134836360.782,8134836380.170,8134837922.652,1542.058,1561.870,19.812,19.388,0.424,8438.130,0,0.000,0,4,48,0
3273,8134844143.936,8134844164.080,8134847015.226,1485.683,2871.290,1385.607,20.144,1365.463,7128.710,0,0.000,1,4,48,0
3274,8134849612.589,8134849625.991,8134856511.709,1510.217,6899.120,5388.903,13.402,5375.501,3100.880,0,0.000,1,4,48,0
3275,8134860699.904,8134860719.138,8134862230.340,1510.767,1530.436,19.669,19.234,0.435,8469.564,0,0.000,0,4,48,0
3276,8134873838.146,8134873858.580,8134875445.467,1586.468,1607.321,20.853,20.434,0.419,8392.679,0,0.000,0,4,48,0
3277,8134888839.506,8134888859.606,8134890433.223,1573.192,1593.717,20.525,20.100,0.425,8406.283,0,0.000,0,4,48,0
3278,8134898408.884,8134898429.620,8134899920.379,1490.304,1511.495,21.191,20.736,0.455,8488.505,0,0.000,0,4,48,0
3279,8134908065.473,8134908084.029,8134909581.318,1496.879,1515.845,18.966,18.556,0.410,8484.155,0,0.000,0,4,48,0
3280,8134919732.619,8134919754.705,8134921287.393,1532.219,1554.774,22.555,22.086,0.469,8445.226,0,0.000,0,4,48,0
3281,8134933710.018,8134933729.287,8134935298.949,1569.229,1588.931,19.702,19.269,0.433,8411.069,0,0.000,0,4,48,0
3282,8134938771.495,8134938793.371,8134944017.091,1507.989,5245.596,3737.607,21.876,3715.731,4754.404,0,0.000,1,4,48,0
3283,8134945800.341,8134945814.058,8134954122.382,1587.454,8322.041,6734.587,13.717,6720.870,1677.959,0,0.000,1,4,48,0
3284,8134952133.925,8134954126.782,8134963727.904,1590.141,11593.979,10003.838,1992.857,8010.981,-1593.979,1,1593.979,1,4,48,0
3285,8134960361.961,8134963732.677,8134965286.004,1552.885,4924.043,3371.158,3370.716,0.442,5075.957,0,0.000,0,4,48,0
3286,8134974372.782,8134974392.654,8134975935.875,1542.791,1563.093,20.302,19.872,0.430,8436.907,0,0.000,0,4,48,0
3287,8134981031.510,8134981050.580,8134984958.912,1531.358,3927.402,2396.044,19.070,2376.974,6072.598,0,0.000,1,4,48,0
3288,8134990111.599,8134990127.590,8134991657.981,1529.980,1546.382,16.402,15.991,0.411,8453.618,0,0.000,0,4,48,0
3289,8135002061.406,8135002080.745,8135003628.424,1547.250,1567.018,19.768,19.339,0.429,8432.982,0,0.000,0,4,48,0
3290,8135009327.189,8135009343.397,8135012969.803,1560.964,3642.614,2081.650,16.208,2065.442,6357.386,0,0.000,1,4,48,0
3291,8135014611.599,8135014626.811,8135022216.506,1511.269,7604.907,6093.638,15.212,6078.426,2395.093,0,0.000,1,4,48,0
3292,8135023507.532,8135023521.979,8135032078.904,1442.134,8571.372,7129.238,14.447,7114.791,1428.628,0,0.000,1,4,48,0
3293,8135029419.717,8135032084.144,8135033612.495,1527.960,4192.778,2664.818,2664.427,0.391,5807.222,0,0.000,0,4,48,0
3294,8135040757.921,8135040777.393,8135042300.476,1522.606,1542.555,19.949,19.472,0.477,8457.445,0,0.000,0,4,48,0
3295,8135051683.879,8135051704.708,8135053129.025,1423.903,1445.146,21.243,20.829,0.414,8554.854,0,0.000,0,4,48,0
3296,8135063531.147,8135063552.089,8135065074.246,1521.632,1543.099,21.467,20.942,0.525,8456.901,0,0.000,0,4,48,0
3297,8135075787.940,8135075815.983,8135077351.787,1534.829,1563.847,29.018,28.043,0.975,8436.153,0,0.000,0,4,48,0
3298,8135081667.330,8135081685.975,8135086033.737,1553.322,4366.407,2813.085,18.645,2794.440,5633.593,0,0.000,1,4,48,0
3299,8135090048.425,8135090074.448,8135096480.569,1601.241,6432.144,4830.903,26.023,4804.880,3567.856,0,0.000,1,4,48,0
3300,8135097280.550,8135097295.099,8135105803.848,1522.533,8523.298,7000.765,14.549,6986.216,1476.702,0,0.000,1,4,48,0
3301,8135109323.987,8135109343.708,8135110965.258,1621.138,1641.271,20.133,19.721,0.412,8358.729,0,0.000,0,4,48,0
3302,8135119053.467,8135119079.140,8135120580.619,1500.834,1527.152,26.318,25.673,0.645,8472.848,0,0.000,0,4,48,0
3303,8135130642.919,8135130663.797,8135132191.614,1527.322,1548.695,21.373,20.878,0.495,8451.305,0,0.000,0,4,48,0
3304,8135142338.750,8135142358.822,8135143944.513,1585.175,1605.763,20.588,20.072,0.516,8394.237,0,0.000,0,4,48,0
3305,8135148627.505,8135148643.098,8135152498.962,1512.582,3871.457,2358.875,15.593,2343.282,6128.543,0,0.000,1,4,48,0
3306,8135158270.887,8135158288.217,8135159902.432,1613.811,1631.545,17.734,17.330,0.404,8368.455,0,0.000,0,4,48,0
3307,8135166414.644,8135166428.785,8135169232.064,1529.241,2817.420,1288.179,14.141,1274.038,7182.580,0,0.000,1,4,48,0
3308,8135174669.909,8135174683.454,8135176163.865,1479.898,1493.956,14.058,13.545,0.513,8506.044,0,0.000,0,4,48,0
3309,8135183980.489,8135183999.118,8135185617.093,1617.530,1636.604,19.074,18.629,0.445,8363.396,0,0.000,0,4,48,0
3310,8135193420.665,8135193436.880,8135194940.289,1502.828,1519.624,16.796,16.215,0.581,8480.376,0,0.000,0,4,48,0
3311,8135205602.135,8135205623.115,8135207284.368,1660.770,1682.233,21.463,20.980,0.483,8317.767,0,0.000,0,4,48,0
3312,8135217149.880,8135217170.343,8135218686.969,1516.113,1537.089,20.976,20.463,0.513,8462.911,0,0.000,0,4,48,0
3313,8135230718.075,8135230738.106,8135232232.669,1494.129,1514.594,20.465,20.031,0.434,8485.406,0,0.000,0,4,48,0
3314,8135237707.771,8135237722.901,8135241045.030,1599.702,3337.259,1737.557,15.130,1722.427,6662.741,0,0.000,1,4,48,0
3315,8135251914.584,8135251935.461,8135253562.465,1623.881,1647.881,24.000,20.877,3.123,8352.119,0,0.000,0,4,48,0
3316,8135258006.178,8135258026.797,8135262516.559,1570.802,4510.381,2939.579,20.619,2918.960,5489.619,0,0.000,1,4,48,0
3317,8135271359.811,8135271379.596,8135272915.110,1535.105,1555.299,20.194,19.785,0.409,8444.701,0,0.000,0,4,48,0
3318,8135279771.364,8135279785.530,8135281322.637,1536.702,1551.273,14.571,14.166,0.405,8448.727,0,0.000,0,4,48,0
3319,8135289821.272,8135289834.794,8135291323.665,1488.469,1502.393,13.924,13.522,0.402,8497.607,0,0.000,0,4,48,0
3320,8135304547.425,8135304566.492,8135306069.744,1502.856,1522.319,19.463,19.067,0.396,8477.681,0,0.000,0,4,48,0
3321,8135310305.222,8135310320.709,8135315490.622,1614.449,5185.400,3570.951,15.487,3555.464,4814.600,0,0.000,1,4,48,0
3322,8135324637.432,8135324656.226,8135326196.199,1539.565,1558.767,19.202,18.794,0.408,8441.233,0,0.000,0,4,48,0
3323,8135332148.085,8135332167.463,8135335389.164,1580.660,3241.079,1660.419,19.378,1641.041,6758.921,0,0.000,1,4,48,0
3324,8135343182.349,8135343201.350,8135344753.187,1551.414,1570.838,19.424,19.001,0.423,8429.162,0,0.000,0,4,48,0
3325,8135355981.307,8135356008.288,8135357493.745,1484.816,1512.438,27.622,26.981,0.641,8487.562,0,0.000,0,4,48,0
3326,8135370031.592,8135370051.717,8135371583.268,1531.039,1551.676,20.637,20.125,0.512,8448.324,0,0.000,0,4,48,0
3327,8135377191.202,8135377206.828,8135380784.902,1543.103,3593.700,2050.597,15.626,2034.971,6406.300,0,0.000,1,4,48,0
3328,8135388554.883,8135388573.770,8135390088.065,1513.885,1533.182,19.297,18.887,0.410,8466.818,0,0.000,0,4,48,0
3329,8135396404.310,8135396419.240,8135397926.246,1506.523,1521.936,15.413,14.930,0.483,8478.064,0,0.000,0,4,48,0
3330,8135404198.784,8135404211.551,8135405655.302,1443.355,1456.518,13.163,12.767,0.396,8543.482,0,0.000,0,4,48,0
3331,8135410528.672,8135410548.638,8135414243.622,1493.812,3714.950,2221.138,19.966,2201.172,6285.050,0,0.000,1,4,48,0
3332,8135422449.535,8135422469.103,8135423954.213,1484.699,1504.678,19.979,19.568,0.411,8495.322,0,0.000,0,4,48,0
3333,8135430136.131,8135430150.437,8135431658.156,1507.058,1522.025,14.967,14.306,0.661,8477.975,0,0.000,0,4,48,0
3334,8135440878.881,8135440894.278,8135442409.448,1514.689,1530.567,15.878,15.397,0.481,8469.433,0,0.000,0,4,48,0
3335,8135448663.023,8135448684.444,8135451130.740,1563.075,2467.717,904.642,21.421,883.221,7532.283,0,0.000,1,4,48,0
3336,8135454069.639,8135454083.857,8135461564.876,1601.482,7495.237,5893.755,14.218,5879.537,2504.763,0,0.000,1,4,48,0
3337,8135462793.900,8135462813.013,8135470894.848,1538.829,8100.948,6562.119,19.113,6543.006,1899.052,0,0.000,1,4,48,0
3338,8135477212.427,8135477232.199,8135478845.338,1612.724,1632.911,20.187,19.772,0.415,8367.089,0,0.000,0,4,48,0
3339,8135487233.198,8135487247.683,8135488751.149,1503.064,1517.951,14.887,14.485,0.402,8482.049,0,0.000,0,4,48,0
3340,8135500343.414,8135500363.439,8135501844.518,1480.663,1501.104,20.441,20.025,0.416,8498.896,0,0.000,0,4,48,0
3341,8135512416.164,8135512435.942,8135513942.910,1506.568,1526.746,20.178,19.778,0.400,8473.254,0,0.000,0,4,48,0
3342,8135527018.082,8135527037.265,8135528578.466,1540.723,1560.384,19.661,19.183,0.478,8439.616,0,0.000,0,4,48,0
3343,8135541599.566,8135541618.666,8135543140.564,1521.499,1540.998,19.499,19.100,0.399,8459.002,0,0.000,0,4,48,0
3344,8135550995.970,8135551013.931,8135552643.794,1629.425,1647.824,18.399,17.961,0.438,8352.176,0,0.000,0,4,48,0
3345,8135559278.806,8135559293.210,8135560822.509,1528.883,1543.703,14.820,14.404,0.416,8456.297,0,0.000,0,4,48,0
3346,8135573292.465,8135573311.659,8135574864.629,1552.542,1572.164,19.622,19.194,0.428,8427.836,0,0.000,0,4,48,0
3347,8135581426.178,8135581440.143,8135582954.451,1513.894,1528.273,14.379,13.965,0.414,8471.727,0,0.000,0,4,48,0
3348,8135588992.718,8135589027.677,8135591995.991,1539.774,3003.273,1463.499,34.959,1428.540,6996.727,0,0.000,1,4,48,0
3349,8135603265.491,8135603286.239,8135604848.570,1561.842,1583.079,21.237,20.748,0.489,8416.921,0,0.000,0,4,48,0
3350,8135610691.821,8135610706.296,8135613621.662,1644.642,2929.841,1285.199,14.475,1270.724,7070.159,0,0.000,1,4,48,0
3351,8135624205.529,8135624227.028,8135625801.222,1573.710,1595.693,21.983,21.499,0.484,8404.307,0,0.000,0,4,48,0
3352,8135635714.446,8135635734.119,8135637321.833,1587.291,1607.387,20.096,19.673,0.423,8392.613,0,0.000,0,4,48,0
3353,8135648718.929,8135648738.034,8135650252.930,1514.404,1534.001,19.597,19.105,0.492,8465.999,0,0.000,0,4,48,0
3354,8135661180.781,8135661199.994,8135662746.584,1546.190,1565.803,19.613,19.213,0.400,8434.197,0,0.000,0,4,48,0
3355,8135673867.848,8135673887.124,8135675442.342,1554.819,1574.494,19.675,19.276,0.399,8425.506,0,0.000,0,4,48,0
3356,8135686638.190,8135686659.161,8135688115.960,1456.373,1477.770,21.397,20.971,0.426,8522.230,0,0.000,0,4,48,0
3357,8135696743.054,8135696757.494,8135698206.619,1448.651,1463.565,14.914,14.440,0.474,8536.435,0,0.000,0,4,48,0
3358,8135710979.254,8135710999.858,8135712555.828,1551.958,1576.574,24.616,20.604,4.012,8423.426,0,0.000,0,4,48,0
3359,8135719268.937,8135719283.563,8135720887.396,1603.338,1618.459,15.121,14.626,0.495,8381.541,0,0.000,0,4,48,0
3360,8135730965.565,8135730984.991,8135732554.246,1568.866,1588.681,19.815,19.426,0.389,8411.319,0,0.000,0,4,48,0
3361,8135745373.175,8135745394.999,8135746848.729,1453.246,1475.554,22.308,21.824,0.484,8524.446,0,0.000,0,4,48,0
3362,8135760169.710,8135760189.044,8135761742.413,1552.975,1572.703,19.728,19.334,0.394,8427.297,0,0.000,0,4,48,0
3363,8135772846.611,8135772867.753,8135774385.750,1517.516,1539.139,21.623,21.142,0.481,8460.861,0,0.000,0,4,48,0
3364,8135785164.852,8135785184.449,8135786861.602,1676.736,1696.750,20.014,19.597,0.417,8303.250,0,0.000,0,4,48,0
3365,8135790298.606,8135790313.120,8135796040.134,1555.404,5741.528,4186.124,14.514,4171.610,4258.472,0,0.000,1,4,48,0
3366,8135797184.895,8135797205.743,8135805878.678,1503.098,8693.783,7190.685,20.848,7169.837,1306.217,0,0.000,1,4,48,0
3367,8135808603.902,8135808623.620,8135815293.629,1491.553,6689.727,5198.174,19.718,5178.456,3310.273,0,0.000,1,4,48,0
3368,8135818743.253,8135818763.984,8135820207.705,1443.242,1464.452,21.210,20.731,0.479,8535.548,0,0.000,0,4,48,0
3369,8135830662.527,8135830682.758,8135832194.916,1511.751,1532.389,20.638,20.231,0.407,8467.611,0,0.000,0,4,48,0
3370,8135842692.907,8135842712.216,8135844284.305,1571.689,1591.398,19.709,19.309,0.400,8408.602,0,0.000,0,4,48,0
3371,8135853219.581,8135853252.062,8135854810.576,1558.011,1590.995,32.984,32.481,0.503,8409.005,0,0.000,0,4,48,0
3372,8135866530.879,8135866552.264,8135868113.864,1561.082,1582.985,21.903,21.385,0.518,8417.015,0,0.000,0,4,48,0
3373,8135880119.790,8135880139.998,8135881641.941,1501.537,1522.151,20.614,20.208,0.406,8477.849,0,0.000,0,4,48,0
3374,8135886760.828,8135886777.978,8135890462.859,1560.591,3702.031,2141.440,17.150,2124.290,6297.969,0,0.000,1,4,48,0
3375,8135895440.596,8135895463.600,8135900136.802,1515.575,4696.206,3180.631,23.004,3157.627,5303.794,0,0.000,1,4,48,0
3376,8135900469.144,8135900484.501,8135910197.796,1580.853,9728.652,8147.799,15.357,8132.442,271.348,0,0.000,1,4,48,0
3377,8135909321.689,8135910202.103,8135911681.603,1479.109,2359.914,880.805,880.414,0.391,7640.086,0,0.000,0,4,48,0
3378,8135919961.625,8135919976.033,8135921499.169,1522.718,1537.544,14.826,14.408,0.418,8462.456,0,0.000,0,4,48,0
3379,8135934586.261,8135934606.964,8135936175.097,1567.726,1588.836,21.110,20.703,0.407,8411.164,0,0.000,0,4,48,0
3380,8135949525.311,8135949544.361,8135951076.403,1531.560,1551.092,19.532,19.050,0.482,8448.908,0,0.000,0,4,48,0
3381,8135957278.744,8135957301.778,8135960360.814,1529.316,3082.070,1552.754,23.034,1529.720,6917.930,0,0.000,1,4,48,0
3382,8135968469.399,8135968488.828,8135970061.211,1571.923,1591.812,19.889,19.429,0.460,8408.188,0,0.000,0,4,48,0
3383,8135975786.016,8135975804.901,8135978872.594,1594.757,3086.578,1491.821,18.885,1472.936,6913.422,0,0.000,1,4,48,0
3384,8135988774.783,8135988793.580,8135990321.899,1527.921,1547.116,19.195,18.797,0.398,8452.884,0,0.000,0,4,48,0
3385,8136001389.912,8136001410.672,8136002965.277,1554.159,1575.365,21.206,20.760,0.446,8424.635,0,0.000,0,4,48,0
3386,8136008806.324,8136008820.196,8136011761.195,1546.254,2954.871,1408.617,13.872,1394.745,7045.129,0,0.000,1,4,48,0
3387,8136014207.706,8136014221.959,8136021420.869,1480.444,7213.163,5732.719,14.253,5718.466,2786.837,0,0.000,1,4,48,0
3388,8136023045.192,8136023060.078,8136031405.633,1502.467,8360.441,6857.974,14.886,6843.088,1639.559,0,0.000,1,4,48,0
3389,8136031677.581,8136031690.190,8136033212.521,1521.899,1534.940,13.041,12.609,0.432,8465.060,0,0.000,0,4,48,0
3390,8136036796.038,8136036818.347,8136041712.878,1500.566,4916.840,3416.274,22.309,3393.965,5083.160,0,0.000,1,4,48,0
3391,8136042006.719,8136042016.001,8136051972.181,1550.729,9965.462,8414.733,9.282,8405.451,34.538,0,0.000,1,4,48,0
3392,8136048441.708,8136051976.609,8136061405.638,1507.546,12963.930,11456.384,3534.901,7921.483,-2963.930,1,2963.930,1,4,48,0
3393,8136061826.652,8136061844.517,8136063365.685,1520.755,1539.033,18.278,17.865,0.413,8460.967,0,0.000,0,4,48,0
3394,8136070544.239,8136070568.982,8136072484.836,1520.220,1940.597,420.377,24.743,395.634,8059.403,0,0.000,1,4,48,0
3395,8136085316.746,8136085336.130,8136086864.494,1527.816,1547.748,19.932,19.384,0.548,8452.252,0,0.000,0,4,48,0
3396,8136093062.473,8136093091.525,8136096027.554,1615.091,2965.081,1349.990,29.052,1320.938,7034.919,0,0.000,1,4,48,0
3397,8136104813.161,8136104833.694,8136106341.414,1507.204,1528.253,21.049,20.533,0.516,8471.747,0,0.000,0,4,48,0
3398,8136114770.429,8136114785.155,8136116288.684,1503.090,1518.255,15.165,14.726,0.439,8481.745,0,0.000,0,4,48,0
3399,8136123324.774,8136123338.840,8136124928.306,1589.025,1603.532,14.507,14.066,0.441,8396.468,0,0.000,0,4,48,0
3400,8136133097.455,8136133112.330,8136134652.823,1540.080,1555.368,15.288,14.875,0.413,8444.632,0,0.000,0,4,48,0
3401,8136140213.111,8136140231.522,8136143875.104,1543.821,3661.993,2118.172,18.411,2099.761,6338.007,0,0.000,1,4,48,0
3402,8136145385.065,8136145399.034,8136153113.763,1445.684,7728.698,6283.014,13.969,6269.045,2271.302,0,0.000,1,4,48,0
3403,8136152511.856,8136153118.314,8136163111.774,1483.162,10599.918,9116.756,606.458,8510.298,-599.918,1,599.918,1,4,48,0
3404,8136158323.116,8136163127.534,8136164656.323,1528.385,6333.207,4804.822,4804.418,0.404,3666.793,0,0.000,0,4,48,0
3405,8136171814.990,8136171835.090,8136173458.489,1622.912,1643.499,20.587,20.100,0.487,8356.501,0,0.000,0,4,48,0
3406,8136177703.809,8136177731.231,8136182108.324,1559.220,4404.515,2845.295,27.422,2817.873,5595.485,0,0.000,1,4,48,0
3407,8136190889.553,8136190909.113,8136192441.729,1532.185,1552.176,19.991,19.560,0.431,8447.824,0,0.000,0,4,48,0
3408,8136204365.076,8136204386.881,8136205958.615,1571.306,1593.539,22.233,21.805,0.428,8406.461,0,0.000,0,4,48,0
3409,8136216693.578,8136216712.593,8136218305.583,1592.574,1612.005,19.431,19.015,0.416,8387.995,0,0.000,0,4,48,0
3410,8136229349.989,8136229368.820,8136230863.026,1493.733,1513.037,19.304,18.831,0.473,8486.963,0,0.000,0,4,48,0
3411,8136241781.341,8136241801.906,8136243378.132,1575.769,1596.791,21.022,20.565,0.457,8403.209,0,0.000,0,4,48,0
3412,8136247040.608,8136247056.729,8136252429.005,1578.654,5388.397,3809.743,16.121,3793.622,4611.603,0,0.000,1,4,48,0
3413,8136254259.490,8136254273.734,8136261812.153,1569.864,7552.663,5982.799,14.244,5968.555,2447.337,0,0.000,1,4,48,0
3414,8136260432.395,8136261816.705,8136271806.572,1546.644,11374.177,9827.533,1384.310,8443.223,-1374.177,1,1374.177,1,4,48,0
3415,8136266462.135,8136271811.631,8136273317.306,1505.248,6855.171,5349.923,5349.496,0.427,3144.829,0,0.000,0,4,48,0
3416,8136279679.034,8136279698.540,8136283074.435,1589.174,3395.401,1806.227,19.506,1786.721,6604.599,0,0.000,1,4,48,0
3417,8136289231.026,8136289250.569,8136290732.547,1481.571,1501.521,19.950,19.543,0.407,8498.479,0,0.000,0,4,48,0
3418,8136303906.809,8136303926.148,8136305412.111,1485.565,1505.302,19.737,19.339,0.398,8494.698,0,0.000,0,4,48,0
3419,8136318181.870,8136318201.769,8136319811.668,1609.451,1629.798,20.347,19.899,0.448,8370.202,0,0.000,0,4,48,0
3420,8136330776.172,8136330800.519,8136332248.717,1447.516,1472.545,25.029,24.347,0.682,8527.455,0,0.000,0,4,48,0
3421,8136341732.622,8136341756.188,8136343335.264,1578.244,1602.642,24.398,23.566,0.832,8397.358,0,0.000,0,4,48,0
3422,8136349373.939,8136349389.087,8136352647.125,1520.431,3273.186,1752.755,15.148,1737.607,6726.814,0,0.000,1,4,48,0
3423,8136359584.257,8136359604.445,8136361158.912,1554.029,1574.655,20.626,20.188,0.438,8425.345,0,0.000,0,4,48,0
3424,8136367840.966,8136367859.721,8136369359.694,1499.392,1518.728,19.336,18.755,0.581,8481.272,0,0.000,0,4,48,0
3425,8136382733.459,8136382754.331,8136384314.905,1559.957,1581.446,21.489,20.872,0.617,8418.554,0,0.000,0,4,48,0
3426,8136391295.881,8136391311.555,8136392899.844,1587.790,1603.963,16.173,15.674,0.499,8396.037,0,0.000,0,4,48,0
3427,8136402884.706,8136402904.500,8136404417.130,1512.229,1532.424,20.195,19.794,0.401,8467.576,0,0.000,0,4,48,0
3428,8136411642.210,8136411662.348,8136413222.366,1559.618,1580.156,20.538,20.138,0.400,8419.844,0,0.000,0,4,48,0
3429,8136417662.742,8136417676.753,8136421907.673,1586.197,4244.931,2658.734,14.011,2644.723,5755.069,0,0.000,1,4,48,0
3430,8136428658.759,8136428677.801,8136430207.566,1529.288,1548.807,19.519,19.042,0.477,8451.193,0,0.000,0,4,48,0
3431,8136436637.304,8136436655.299,8136438218.419,1562.725,1581.115,18.390,17.995,0.395,8418.885,0,0.000,0,4,48,0
3432,8136443746.309,8136443760.333,8136446935.059,1535.140,3188.750,1653.610,14.024,1639.586,6811.250,0,0.000,1,4,48,0
3433,8136456244.836,8136456265.713,8136457826.420,1560.240,1581.584,21.344,20.877,0.467,8418.416,0,0.000,0,4,48,0
3434,8136470014.721,8136470034.133,8136471543.464,1508.921,1528.743,19.822,19.412,0.410,8471.257,0,0.000,0,4,48,0
3435,8136484834.755,8136484854.423,8136486400.491,1545.599,1565.736,20.137,19.668,0.469,8434.264,0,0.000,0,4,48,0
3436,8136495893.289,8136495912.959,8136497375.894,1462.450,1482.605,20.155,19.670,0.485,8517.395,0,0.000,0,4,48,0
3437,8136501894.680,8136501908.520,8136506280.421,1473.830,4385.741,2911.911,13.840,2898.071,5614.259,0,0.000,1,4,48,0
3438,8136514908.785,8136514929.779,8136516422.824,1492.442,1514.039,21.597,20.994,0.603,8485.961,0,0.000,0,4,48,0
3439,8136523483.545,8136523502.848,8136525060.876,1557.631,1577.331,19.700,19.303,0.397,8422.669,0,0.000,0,4,48,0
3440,8136528918.392,8136528932.560,8136533953.912,1534.900,5035.520,3500.620,14.168,3486.452,4964.480,0,0.000,1,4,48,0
3441,8136542628.459,8136542647.850,8136544156.274,1508.018,1527.815,19.797,19.391,0.406,8472.185,0,0.000,0,4,48,0
3442,8136553226.895,8136553246.227,8136554725.214,1478.576,1498.319,19.743,19.332,0.411,8501.681,0,0.000,0,4,48,0
3443,8136559756.894,8136559771.513,8136563467.034,1464.133,3710.140,2246.007,14.619,2231.388,6289.860,0,0.000,1,4,48,0
3444,8136565972.795,8136565986.491,8136573786.003,1561.938,7813.208,6251.270,13.696,6237.574,2186.792,0,0.000,1,4,48,0
3445,8136577546.363,8136577567.611,8136579096.714,1528.643,1550.351,21.708,21.248,0.460,8449.649,0,0.000,0,4,48,0
3446,8136584775.446,8136584790.375,8136587876.390,1535.861,3100.944,1565.083,14.929,1550.154,6899.056,0,0.000,1,4,48,0
3447,8136592424.441,8136592438.674,8136597576.635,1549.540,5152.194,3602.654,14.233,3588.421,4847.806,0,0.000,1,4,48,0
3448,8136603760.958,8136603780.116,8136605399.087,1618.555,1638.129,19.574,19.158,0.416,8361.871,0,0.000,0,4,48,0
3449,8136611084.853,8136611098.774,8136614454.305,1590.973,3369.452,1778.479,13.921,1764.558,6630.548,0,0.000,1,4,48,0
3450,8136619521.292,8136619539.147,8136623813.839,1510.827,4292.547,2781.720,17.855,2763.865,5707.453,0,0.000,1,4,48,0
3451,8136626716.773,8136626734.147,8136634038.397,1535.539,7321.624,5786.085,17.374,5768.711,2678.376,0,0.000,1,4,48,0
3452,8136633071.320,8136634042.388,8136635526.131,1483.364,2454.811,971.447,971.068,0.379,7545.189,0,0.000,0,4,48,0
3453,8136646051.206,8136646072.314,8136647559.461,1486.658,1508.255,21.597,21.108,0.489,8491.745,0,0.000,0,4,48,0
3454,8136660837.122,8136660855.898,8136662459.858,1603.562,1622.736,19.174,18.776,0.398,8377.264,0,0.000,0,4,48,0
3455,8136667445.711,8136667459.709,8136671788.554,1488.852,4342.843,2853.991,13.998,2839.993,5657.157,0,0.000,1,4,48,0
3456,8136674639.388,8136674661.150,8136681045.089,1527.279,6405.701,4878.422,21.762,4856.660,3594.299,0,0.000,1,4,48,0
3457,8136683188.586,8136683208.828,8136690853.124,1605.494,7664.538,6059.044,20.242,6038.802,2335.462,0,0.000,1,4,48,0
3458,8136694150.428,8136694169.276,8136695675.725,1505.975,1525.297,19.322,18.848,0.474,8474.703,0,0.000,0,4,48,0
3459,8136708883.234,8136708904.266,8136710476.839,1572.076,1593.605,21.529,21.032,0.497,8406.395,0,0.000,0,4,48,0
3460,8136715284.713,8136715299.853,8136719764.207,1577.315,4479.494,2902.179,15.140,2887.039,5520.506,0,0.000,1,4,48,0
3461,8136722507.945,8136722524.248,8136728958.661,1532.913,6450.716,4917.803,16.303,4901.500,3549.284,0,0.000,1,4,48,0
3462,8136732686.386,8136732703.675,8136734188.977,1484.872,1502.591,17.719,17.289,0.430,8497.409,0,0.000,0,4,48,0
3463,8136743626.825,8136743656.242,8136745130.302,1473.042,1503.477,30.435,29.417,1.018,8496.523,0,0.000,0,4,48,0
3464,8136758484.884,8136758504.714,8136759997.386,1492.154,1512.502,20.348,19.830,0.518,8487.498,0,0.000,0,4,48,0
3465,8136770414.473,8136770436.066,8136771938.241,1501.660,1523.768,22.108,21.593,0.515,8476.232,0,0.000,0,4,48,0
3466,8136782620.111,8136782639.375,8136784158.887,1519.023,1538.776,19.753,19.264,0.489,8461.224,0,0.000,0,4,48,0
3467,8136791010.421,8136791024.380,8136792556.801,1532.018,1546.380,14.362,13.959,0.403,8453.620,0,0.000,0,4,48,0
3468,8136804687.102,8136804706.517,8136806231.374,1524.443,1544.272,19.829,19.415,0.414,8455.728,0,0.000,0,4,48,0
3469,8136814151.333,8136814165.682,8136815713.323,1547.246,1561.990,14.744,14.349,0.395,8438.010,0,0.000,0,4,48,0
3470,8136822043.550,8136822056.994,8136823537.564,1480.170,1494.014,13.844,13.444,0.400,8505.986,0,0.000,0,4,48,0
3471,8136828055.768,8136828069.527,8136832617.061,1500.373,4561.293,3060.920,13.759,3047.161,5438.707,0,0.000,1,4,48,0
3472,8136836856.935,8136836876.015,8136842571.648,1634.556,5714.713,4080.157,19.080,4061.077,4285.287,0,0.000,1,4,48,0
3473,8136849885.683,8136849904.965,8136851472.164,1566.794,1586.481,19.687,19.282,0.405,8413.519,0,0.000,0,4,48,0
3474,8136855623.990,8136855643.808,8136860075.659,1542.535,4451.669,2909.134,19.818,2889.316,5548.331,0,0.000,1,4,48,0
3475,8136866975.722,8136866994.611,8136868514.416,1519.378,1538.694,19.316,18.889,0.427,8461.306,0,0.000,0,4,48,0
3476,8136878034.529,8136878053.573,8136879588.578,1534.600,1554.049,19.449,19.044,0.405,8445.951,0,0.000,0,4,48,0
3477,8136890784.335,8136890805.194,8136892337.609,1532.010,1553.274,21.264,20.859,0.405,8446.726,0,0.000,0,4,48,0
3478,8136895980.179,8136895994.706,8136901310.331,1525.055,5330.152,3805.097,14.527,3790.570,4669.848,0,0.000,1,4,48,0
3479,8136906071.956,8136906086.036,8136911521.157,1633.278,5449.201,3815.923,14.080,3801.843,4550.799,0,0.000,1,4,48,0
3480,8136918349.693,8136918368.685,8136919909.947,1540.795,1560.254,19.459,18.992,0.467,8439.746,0,0.000,0,4,48,0
3481,8136925987.153,8136926010.424,8136928918.871,1553.838,2931.718,1377.880,23.271,1354.609,7068.282,0,0.000,1,4,48,0
3482,8136933091.532,8136933106.383,8136938918.845,1457.887,5827.313,4369.426,14.851,4354.575,4172.687,0,0.000,1,4,48,0
3483,8136947881.346,8136947900.311,8136949439.886,1539.158,1558.540,19.382,18.965,0.417,8441.460,0,0.000,0,4,48,0
3484,8136959575.133,8136959596.011,8136961144.576,1548.157,1569.443,21.286,20.878,0.408,8430.557,0,0.000,0,4,48,0
3485,8136968416.979,8136968437.301,8136970056.647,1618.944,1639.668,20.724,20.322,0.402,8360.332,0,0.000,0,4,48,0
3486,8136973633.301,8136973650.773,8136979643.756,1559.483,6010.455,4450.972,17.472,4433.500,3989.545,0,0.000,1,4,48,0
3487,8136982755.333,8136982769.442,8136988681.454,1491.639,5926.121,4434.482,14.109,4420.373,4073.879,0,0.000,1,4,48,0
3488,8136993499.583,8136993518.629,8136995087.634,1568.603,1588.051,19.448,19.046,0.402,8411.949,0,0.000,0,4,48,0
3489,8137004394.949,8137004413.733,8137005925.589,1511.443,1530.640,19.197,18.784,0.413,8469.360,0,0.000,0,4,48,0
3490,8137016939.382,8137016959.939,8137018472.055,1511.672,1532.673,21.001,20.557,0.444,8467.327,0,0.000,0,4,48,0
3491,8137025911.741,8137025927.275,8137027505.670,1577.973,1593.929,15.956,15.534,0.422,8406.071,0,0.000,0,4,48,0
3492,8137039220.655,8137039240.244,8137040717.751,1477.071,1497.096,20.025,19.589,0.436,8502.904,0,0.000,0,4,48,0
3493,8137053977.102,8137053996.653,8137055547.671,1550.599,1570.569,19.970,19.551,0.419,8429.431,0,0.000,0,4,48,0
3494,8137064287.562,8137064306.479,8137065880.745,1573.783,1593.183,19.400,18.917,0.483,8406.817,0,0.000,0,4,48,0
3495,8137071256.495,8137071286.079,8137075027.948,1451.110,3771.453,2320.343,29.584,2290.759,6228.547,0,0.000,1,4,48,0
3496,8137081244.328,8137081265.697,8137082753.938,1487.705,1509.610,21.905,21.369,0.536,8490.390,0,0.000,0,4,48,0
3497,8137088759.920,8137088782.421,8137091586.548,1556.930,2826.628,1269.698,22.501,1247.197,7173.372,0,0.000,1,4,48,0
3498,8137101992.551,8137102028.786,8137103602.122,1572.903,1609.571,36.668,36.235,0.433,8390.429,0,0.000,0,4,48,0
3499,8137112917.236,8137112936.887,8137114608.574,1671.229,1691.338,20.109,19.651,0.458,8308.662,0,0.000,0,4,48,0
3500,8137123679.606,8137123701.235,8137125299.966,1598.147,1620.360,22.213,21.629,0.584,8379.640,0,0.000,0,4,48,0
3501,8137138567.962,8137138587.421,8137140157.869,1570.021,1589.907,19.886,19.459,0.427,8410.093,0,0.000,0,4,48,0
3502,8137148377.326,8137148393.071,8137149953.346,1559.849,1576.020,16.171,15.745,0.426,8423.980,0,0.000,0,4,48,0
3503,8137157890.860,8137157905.118,8137159453.634,1548.115,1562.774,14.659,14.258,0.401,8437.226,0,0.000,0,4,48,0
3504,8137168827.006,8137168846.471,8137170364.504,1517.621,1537.498,19.877,19.465,0.412,8462.502,0,0.000,0,4,48,0
3505,8137181504.135,8137181523.494,8137183138.372,1614.405,1634.237,19.832,19.359,0.473,8365.763,0,0.000,0,4,48,0
3506,8137189629.644,8137189648.711,8137192701.974,1546.199,3072.330,1526.131,19.067,1507.064,6927.670,0,0.000,1,4,48,0
3507,8137204573.678,8137204593.432,8137206151.799,1557.940,1578.121,20.181,19.754,0.427,8421.879,0,0.000,0,4,48,0
3508,8137214332.790,8137214349.153,8137215925.201,1575.573,1592.411,16.838,16.363,0.475,8407.589,0,0.000,0,4,48,0
3509,8137222731.299,8137222745.877,8137224378.369,1632.075,1647.070,14.995,14.578,0.417,8352.930,0,0.000,0,4,48,0
3510,8137229396.475,8137229411.594,8137233662.836,1517.802,4266.361,2748.559,15.119,2733.440,5733.639,0,0.000,1,4,48,0
3511,8137244013.498,8137244033.249,8137245553.620,1519.965,1540.122,20.157,19.751,0.406,8459.878,0,0.000,0,4,48,0
3512,8137252285.149,8137252298.997,8137253776.320,1476.905,1491.171,14.266,13.848,0.418,8508.829,0,0.000,0,4,48,0
3513,8137264569.284,8137264588.598,8137266086.490,1497.501,1517.206,19.705,19.314,0.391,8482.794,0,0.000,0,4,48,0
3514,8137269478.126,8137269498.125,8137275643.996,1565.503,6165.870,4600.367,19.999,4580.368,3834.130,0,0.000,1,4,48,0
3515,8137281536.630,8137281555.744,8137282974.463,1418.299,1437.833,19.534,19.114,0.420,8562.167,0,0.000,0,4,48,0
3516,8137288773.084,8137288791.239,8137290253.790,1462.138,1480.706,18.568,18.155,0.413,8519.294,0,0.000,0,4,48,0
3517,8137295729.632,8137295743.898,8137298998.688,1478.115,3269.056,1790.941,14.266,1776.675,6730.944,0,0.000,1,4,48,0
3518,8137303737.028,8137303757.768,8137305197.420,1439.243,1460.392,21.149,20.740,0.409,8539.608,0,0.000,0,4,48,0
3519,8137317949.606,8137317968.569,8137319448.456,1479.418,1498.850,19.432,18.963,0.469,8501.150,0,0.000,0,4,48,0
3520,8137328609.512,8137328628.600,8137330164.581,1535.583,1555.069,19.486,19.088,0.398,8444.931,0,0.000,0,4,48,0
3521,8137343569.962,8137343590.541,8137345069.164,1478.223,1499.202,20.979,20.579,0.400,8500.798,0,0.000,0,4,48,0
3522,8137351220.213,8137351234.232,8137352792.499,1557.871,1572.286,14.415,14.019,0.396,8427.714,0,0.000,0,4,48,0
3523,8137361785.171,8137361798.926,8137363284.434,1485.025,1499.263,14.238,13.755,0.483,8500.737,0,0.000,0,4,48,0
3524,8137375887.550,8137375907.296,8137377446.290,1538.564,1558.740,20.176,19.746,0.430,8441.260,0,0.000,0,4,48,0
3525,8137389671.251,8137389691.129,8137391181.665,1490.051,1510.414,20.363,19.878,0.485,8489.586,0,0.000,0,4,48,0
3526,8137395291.602,8137395311.073,8137400614.437,1623.789,5322.835,3699.046,19.471,3679.575,4677.165,0,0.000,1,4,48,0
3527,8137407425.488,8137407446.197,8137409028.341,1581.657,1602.853,21.196,20.709,0.487,8397.147,0,0.000,0,4,48,0
3528,8137421863.552,8137421882.779,8137423370.489,1487.305,1506.937,19.632,19.227,0.405,8493.063,0,0.000,0,4,48,0
3529,8137434182.451,8137434202.577,8137435696.967,1493.889,1514.516,20.627,20.126,0.501,8485.484,0,0.000,0,4,48,0
3530,8137439513.749,8137439540.104,8137445251.871,1509.178,5738.122,4228.944,26.355,4202.589,4261.878,0,0.000,1,4,48,0
3531,8137446895.076,8137446909.343,8137454631.823,1522.127,7736.747,6214.620,14.267,6200.353,2263.253,0,0.000,1,4,48,0
3532,8137458502.275,8137458521.705,8137460085.717,1563.597,1583.442,19.845,19.430,0.415,8416.558,0,0.000,0,4,48,0
3533,8137468417.180,8137468432.180,8137469989.764,1557.172,1572.584,15.412,15.000,0.412,8427.416,0,0.000,0,4,48,0
3534,8137478908.439,8137478927.645,8137480435.555,1507.509,1527.116,19.607,19.206,0.401,8472.884,0,0.000,0,4,48,0
3535,8137493237.221,8137493256.542,8137494802.575,1545.618,1565.354,19.736,19.321,0.415,8434.646,0,0.000,0,4,48,0
3536,8137501569.646,8137501584.963,8137503146.422,1561.060,1576.776,15.716,15.317,0.399,8423.224,0,0.000,0,4,48,0
3537,8137515692.698,8137515711.803,8137517229.637,1517.430,1536.939,19.509,19.105,0.404,8463.061,0,0.000,0,4,48,0
3538,8137523347.285,8137523362.192,8137526636.512,1576.652,3289.227,1712.575,14.907,1697.668,6710.773,0,0.000,1,4,48,0
3539,8137531622.457,8137531642.861,8137533208.496,1565.230,1586.039,20.809,20.404,0.405,8413.961,0,0.000,0,4,48,0
3540,8137546197.564,8137546217.722,8137547781.242,1563.022,1583.678,20.656,20.158,0.498,8416.322,0,0.000,0,4,48,0
3541,8137554101.631,8137554115.497,8137556809.066,1492.376,2707.435,1215.059,13.866,1201.193,7292.565,0,0.000,1,4,48,0
3542,8137562431.002,8137562445.871,8137563924.639,1478.362,1493.637,15.275,14.869,0.406,8506.363,0,0.000,0,4,48,0
3543,8137577315.848,8137577334.878,8137578889.573,1554.291,1573.725,19.434,19.030,0.404,8426.275,0,0.000,0,4,48,0
3544,8137591937.663,8137591959.511,8137593624.839,1664.935,1687.176,22.241,21.848,0.393,8312.824,0,0.000,0,4,48,0
3545,8137599302.001,8137599316.402,8137602827.556,1569.239,3525.555,1956.316,14.401,1941.915,6474.445,0,0.000,1,4,48,0
3546,8137610533.016,8137610551.982,8137612085.719,1533.332,1552.703,19.371,18.966,0.405,8447.297,0,0.000,0,4,48,0
3547,8137618494.601,8137618513.982,8137620052.827,1538.280,1558.226,19.946,19.381,0.565,8441.774,0,0.000,0,4,48,0
3548,8137625455.713,8137625470.775,8137629543.891,1576.174,4088.178,2512.004,15.062,2496.942,5911.822,0,0.000,1,4,48,0
3549,8137639727.481,8137639748.212,8137641243.653,1494.766,1516.172,21.406,20.731,0.675,8483.828,0,0.000,0,4,48,0
3550,8137650331.745,8137650352.751,8137651878.653,1525.325,1546.908,21.583,21.006,0.577,8453.092,0,0.000,0,4,48,0
3551,8137661541.948,8137661563.385,8137663045.429,1481.631,1503.481,21.850,21.437,0.413,8496.519,0,0.000,0,4,48,0
3552,8137668327.692,8137668352.921,8137672419.067,1520.758,4091.375,2570.617,25.229,2545.388,5908.625,0,0.000,1,4,48,0
3553,8137677595.632,8137677614.171,8137679126.909,1511.760,1531.277,19.517,18.539,0.978,8468.723,0,0.000,0,4,48,0
3554,8137692657.808,8137692689.226,8137694295.505,1605.385,1637.697,32.312,31.418,0.894,8362.303,0,0.000,0,4,48,0
3555,8137704976.242,8137704996.385,8137706660.303,1663.422,1684.061,20.639,20.143,0.496,8315.939,0,0.000,0,4,48,0
3556,8137715093.541,8137715113.289,8137716650.877,1537.137,1557.336,20.199,19.748,0.451,8442.664,0,0.000,0,4,48,0
3557,8137727974.255,8137727997.568,8137729558.639,1560.527,1584.384,23.857,23.313,0.544,8415.616,0,0.000,0,4,48,0
3558,8137741532.121,8137741552.032,8137743033.801,1481.266,1501.680,20.414,19.911,0.503,8498.320,0,0.000,0,4,48,0
3559,8137751087.316,8137751102.046,8137752672.129,1569.590,1584.813,15.223,14.730,0.493,8415.187,0,0.000,0,4,48,0
3560,8137759410.221,8137759425.016,8137761024.743,1599.290,1614.522,15.232,14.795,0.437,8385.478,0,0.000,0,4,48,0
3561,8137767278.000,8137767293.765,8137770251.620,1544.526,2973.620,1429.094,15.765,1413.329,7026.380,0,0.000,1,4,48,0
3562,8137776578.951,8137776601.189,8137778128.218,1526.613,1549.267,22.654,22.238,0.416,8450.733,0,0.000,0,4,48,0
3563,8137787159.770,8137787173.729,8137788698.347,1524.209,1538.577,14.368,13.959,0.409,8461.423,0,0.000,0,4,48,0
3564,8137798240.517,8137798260.171,8137799805.076,1544.482,1564.559,20.077,19.654,0.423,8435.441,0,0.000,0,4,48,0
3565,8137806731.452,8137806746.082,8137808334.494,1587.860,1603.042,15.182,14.630,0.552,8396.958,0,0.000,0,4,48,0
3566,8137815146.640,8137815160.363,8137816665.014,1504.230,1518.374,14.144,13.723,0.421,8481.626,0,0.000,0,4,48,0
3567,8137826379.131,8137826399.265,8137827996.977,1597.283,1617.846,20.563,20.134,0.429,8382.154,0,0.000,0,4,48,0
3568,8137835287.935,8137835302.307,8137836826.761,1523.928,1538.826,14.898,14.372,0.526,8461.174,0,0.000,0,4,48,0
3569,8137840738.489,8137840757.221,8137845595.365,1546.578,4856.876,3310.298,18.732,3291.566,5143.124,0,0.000,1,4,48,0
3570,8137854754.702,8137854777.051,8137856375.838,1598.368,1621.136,22.768,22.349,0.419,8378.864,0,0.000,0,4,48,0
3571,8137860595.793,8137860609.872,8137865905.709,1523.691,5309.916,3786.225,14.079,3772.146,4690.084,0,0.000,1,4,48,0
3572,8137867863.695,8137867884.307,8137875290.510,1644.390,7426.815,5782.425,20.612,5761.813,2573.185,0,0.000,1,4,48,0
3573,8137875703.706,8137875716.736,8137885083.685,1602.773,9379.979,7777.206,13.030,7764.176,620.021,0,0.000,1,4,48,0
3574,8137886651.372,8137886671.336,8137888153.934,1482.176,1502.562,20.386,19.964,0.422,8497.438,0,0.000,0,4,48,0
3575,8137899799.436,8137899818.849,8137901359.452,1540.179,1560.016,19.837,19.413,0.424,8439.984,0,0.000,0,4,48,0
3576,8137910018.671,8137910036.713,8137911545.625,1508.402,1526.954,18.552,18.042,0.510,8473.046,0,0.000,0,4,48,0
3577,8137915113.977,8137915132.561,8137920719.667,1551.564,5605.690,4054.126,18.584,4035.542,4394.310,0,0.000,1,4,48,0
3578,8137926863.719,8137926883.090,8137928443.069,1559.477,1579.350,19.873,19.371,0.502,8420.650,0,0.000,0,4,48,0
3579,8137934310.089,8137934329.678,8137937801.546,1603.175,3491.457,1888.282,19.589,1868.693,6508.543,0,0.000,1,4,48,0
3580,8137939772.388,8137939786.015,8137947193.378,1533.297,7420.990,5887.693,13.627,5874.066,2579.010,0,0.000,1,4,48,0
3581,8137951592.172,8137951611.299,8137953218.380,1606.656,1626.208,19.552,19.127,0.425,8373.792,0,0.000,0,4,48,0
3582,8137964637.729,8137964656.636,8137966226.415,1569.392,1588.686,19.294,18.907,0.387,8411.314,0,0.000,0,4,48,0
3583,8137969830.550,8137969845.569,8137975049.792,1562.950,5219.242,3656.292,15.019,3641.273,4780.758,0,0.000,1,4,48,0
3584,8137978976.367,8137978999.684,8137985157.163,1510.762,6180.796,4670.034,23.317,4646.717,3819.204,0,0.000,1,4,48,0
3585,8137992051.074,8137992070.641,8137993628.890,1557.758,1577.816,20.058,19.567,0.491,8422.184,0,0.000,0,4,48,0
3586,8137999009.807,8137999031.345,8138002592.960,1507.363,3583.153,2075.790,21.538,2054.252,6416.847,0,0.000,1,4,48,0
3587,8138004107.081,8138004121.499,8138012720.907,1542.479,8613.826,7071.347,14.418,7056.929,1386.174,0,0.000,1,4,48,0
3588,8138009761.427,8138012725.270,8138022067.257,1534.434,12305.830,10771.396,2963.843,7807.553,-2305.830,1,2305.830,1,4,48,0
3589,8138023865.120,8138023884.095,8138025461.401,1576.832,1596.281,19.449,18.975,0.474,8403.719,0,0.000,0,4,48,0
3590,8138030879.410,8138030895.832,8138034290.468,1525.397,3411.058,1885.661,16.422,1869.239,6588.942,0,0.000,1,4,48,0
3591,8138042809.390,8138042828.440,8138044316.836,1487.994,1507.446,19.452,19.050,0.402,8492.554,0,0.000,0,4,48,0
3592,8138051888.881,8138051909.235,8138053445.376,1535.728,1556.495,20.767,20.354,0.413,8443.505,0,0.000,0,4,48,0
3593,8138061283.102,8138061315.108,8138062906.191,1589.119,1623.089,33.970,32.006,1.964,8376.911,0,0.000,0,4,48,0
3594,8138072117.593,8138072142.057,8138073671.092,1528.087,1553.499,25.412,24.464,0.948,8446.501,0,0.000,0,4,48,0
3595,8138084260.831,8138084281.940,8138085828.621,1546.138,1567.790,21.652,21.109,0.543,8432.210,0,0.000,0,4,48,0
3596,8138090645.335,8138090660.020,8138094525.783,1599.088,3880.448,2281.360,14.685,2266.675,6119.552,0,0.000,1,4,48,0
3597,8138095653.629,8138095668.079,8138104560.203,1613.236,8906.574,7293.338,14.450,7278.888,1093.426,0,0.000,1,4,48,0
3598,8138100736.409,8138104564.662,8138114368.483,1523.257,13632.074,12108.817,3828.253,8280.564,-3632.074,1,3632.074,1,4,48,0
3599,8138110691.767,8138114372.975,8138115833.989,1460.630,5142.222,3681.592,3681.208,0.384,4857.778,0,0.000,0,4,48,0
3600,8138124390.638,8138124410.545,8138125949.151,1538.115,1558.513,20.398,19.907,0.491,8441.487,0,0.000,0,4,48,0
3601,8138132927.600,8138132944.810,8138134521.992,1576.762,1594.392,17.630,17.210,0.420,8405.608,0,0.000,0,4,48,0
3602,8138144664.965,8138144684.526,8138146232.012,1547.020,1567.047,20.027,19.561,0.466,8432.953,0,0.000,0,4,48,0
3603,8138152065.144,8138152079.245,8138155297.025,1549.189,3231.881,1682.692,14.101,1668.591,6768.119,0,0.000,1,4,48,0
3604,8138166189.542,8138166208.676,8138167768.166,1558.977,1578.624,19.647,19.134,0.513,8421.376,0,0.000,0,4,48,0
3605,8138176915.145,8138176930.547,8138178482.644,1551.480,1567.499,16.019,15.402,0.617,8432.501,0,0.000,0,4,48,0
3606,8138184273.772,8138184293.549,8138187760.347,1549.484,3486.575,1937.091,19.777,1917.314,6513.425,0,0.000,1,4,48,0
3607,8138189789.477,8138189803.842,8138197285.796,1549.614,7496.319,5946.705,14.365,5932.340,2503.681,0,0.000,1,4,48,0
3608,8138195071.932,8138197290.264,8138206932.914,1566.172,11860.982,10294.810,2218.332,8076.478,-1860.982,1,1860.982,1,4,48,0
3609,8138204311.401,8138206952.670,8138208533.212,1580.120,4221.811,2641.691,2641.269,0.422,5778.189,0,0.000,0,4,48,0
3610,8138216631.225,8138216650.777,8138218204.364,1553.149,1573.139,19.990,19.552,0.438,8426.861,0,0.000,0,4,48,0
3611,8138223923.676,8138223944.217,8138227072.887,1493.801,3149.211,1655.410,20.541,1634.869,6850.789,0,0.000,1,4,48,0
3612,8138238369.792,8138238390.887,8138239921.080,1529.785,1551.288,21.503,21.095,0.408,8448.712,0,0.000,0,4,48,0
3613,8138248134.335,8138248148.857,8138249578.593,1429.253,1444.258,15.005,14.522,0.483,8555.742,0,0.000,0,4,48,0
3614,8138258580.348,8138258600.270,8138260133.762,1533.095,1553.414,20.319,19.922,0.397,8446.586,0,0.000,0,4,48,0
3615,8138269714.312,8138269744.778,8138271309.897,1564.669,1595.585,30.916,30.466,0.450,8404.415,0,0.000,0,4,48,0
3616,8138277202.492,8138277217.643,8138280473.643,1537.400,3271.151,1733.751,15.151,1718.600,6728.849,0,0.000,1,4,48,0
3617,8138282912.580,8138282925.903,8138290206.357,1553.168,7293.777,5740.609,13.323,5727.286,2706.223,0,0.000,1,4,48,0
3618,8138289533.785,8138290242.348,8138299731.670,1474.651,10197.885,8723.234,708.563,8014.671,-197.885,1,197.885,1,4,48,0
3619,8138301014.658,8138301033.888,8138302540.909,1506.603,1526.251,19.648,19.230,0.418,8473.749,0,0.000,0,4,48,0
3620,8138307522.811,8138307541.432,8138312053.145,1488.891,4530.334,3041.443,18.621,3022.822,5469.666,0,0.000,1,4,48,0
3621,8138322244.814,8138322263.945,8138323754.985,1490.622,1510.171,19.549,19.131,0.418,8489.829,0,0.000,0,4,48,0
3622,8138333284.508,8138333304.179,8138334903.512,1598.910,1619.004,20.094,19.671,0.423,8380.996,0,0.000,0,4,48,0
3623,8138342294.054,8138342308.108,8138343812.430,1503.921,1518.376,14.455,14.054,0.401,8481.624,0,0.000,0,4,48,0
3624,8138354704.938,8138354724.127,8138356297.826,1573.277,1592.888,19.611,19.189,0.422,8407.112,0,0.000,0,4,48,0
3625,8138365907.502,8138365928.803,8138367461.733,1532.517,1554.231,21.714,21.301,0.413,8445.769,0,0.000,0,4,48,0
3626,8138372041.655,8138372063.288,8138376535.562,1560.687,4493.907,2933.220,21.633,2911.587,5506.093,0,0.000,1,4,48,0
3627,8138384134.729,8138384157.916,8138385748.527,1589.956,1613.798,23.842,23.187,0.655,8386.202,0,0.000,0,4,48,0
3628,8138398543.381,8138398563.455,8138400118.681,1554.753,1575.300,20.547,20.074,0.473,8424.700,0,0.000,0,4,48,0
3629,8138411383.123,8138411403.447,8138413078.733,1674.809,1695.610,20.801,20.324,0.477,8304.390,0,0.000,0,4,48,0
3630,8138425719.194,8138425741.308,8138427242.368,1500.639,1523.174,22.535,22.114,0.421,8476.826,0,0.000,0,4,48,0
3631,8138430741.927,8138430756.869,8138436106.307,1612.312,5364.380,3752.068,14.942,3737.126,4635.620,0,0.000,1,4,48,0
3632,8138438194.274,8138438213.071,8138445746.196,1446.762,7551.922,6105.160,18.797,6086.363,2448.078,0,0.000,1,4,48,0
3633,8138451891.839,8138451911.100,8138453429.259,1517.653,1537.420,19.767,19.261,0.506,8462.580,0,0.000,0,4,48,0
3634,8138466749.884,8138466769.320,8138468352.531,1582.769,1602.647,19.878,19.436,0.442,8397.353,0,0.000,0,4,48,0
3635,8138477081.111,8138477095.227,8138478683.644,1587.967,1602.533,14.566,14.116,0.450,8397.467,0,0.000,0,4,48,0
3636,8138484890.908,8138484909.838,8138487576.567,1583.511,2685.659,1102.148,18.930,1083.218,7314.341,0,0.000,1,4,48,0
3637,8138499773.502,8138499794.413,8138501357.381,1562.482,1583.879,21.397,20.911,0.486,8416.121,0,0.000,0,4,48,0
3638,8138513096.004,8138513115.730,8138514645.186,1529.035,1549.182,20.147,19.726,0.421,8450.818,0,0.000,0,4,48,0
3639,8138518044.952,8138518059.747,8138523714.652,1554.442,5669.700,4115.258,14.795,4100.463,4330.300,0,0.000,1,4,48,0
3640,8138526645.222,8138526666.017,8138533293.020,1522.789,6647.798,5125.009,20.795,5104.214,3352.202,0,0.000,1,4,48,0
3641,8138531917.501,8138533297.568,8138543122.631,1588.756,11205.130,9616.374,1380.067,8236.307,-1205.130,1,1205.130,1,4,48,0
3642,8138539447.616,8138543127.625,8138544708.864,1580.798,5261.248,3680.450,3680.009,0.441,4738.752,0,0.000,0,4,48,0
3643,8138548350.892,8138548367.981,8138553961.084,1479.213,5610.192,4130.979,17.089,4113.890,4389.808,0,0.000,1,4,48,0
3644,8138562259.707,8138562280.591,8138563844.772,1563.690,1585.065,21.375,20.884,0.491,8414.935,0,0.000,0,4,48,0
3645,8138574974.988,8138574994.197,8138576543.255,1548.536,1568.267,19.731,19.209,0.522,8431.733,0,0.000,0,4,48,0
3646,8138588256.719,8138588276.430,8138589958.751,1681.787,1702.032,20.245,19.711,0.534,8297.968,0,0.000,0,4,48,0
3647,8138600021.801,8138600041.917,8138601556.249,1513.846,1534.448,20.602,20.116,0.486,8465.552,0,0.000,0,4,48,0
3648,8138613343.697,8138613364.802,8138614913.326,1548.105,1569.629,21.524,21.105,0.419,8430.371,0,0.000,0,4,48,0
3649,8138626511.827,8138626530.530,8138628042.673,1511.737,1530.846,19.109,18.703,0.406,8469.154,0,0.000,0,4,48,0
3650,8138636795.835,8138636815.236,8138638383.295,1567.660,1587.460,19.800,19.401,0.399,8412.540,0,0.000,0,4,48,0
3651,8138651302.919,8138651322.057,8138652833.420,1510.955,1530.501,19.546,19.138,0.408,8469.499,0,0.000,0,4,48,0
3652,8138659658.180,8138659678.692,8138661226.986,1547.889,1568.806,20.917,20.512,0.405,8431.194,0,0.000,0,4,48,0
3653,8138668746.878,8138668761.138,8138670297.205,1535.619,1550.327,14.708,14.260,0.448,8449.673,0,0.000,0,4,48,0
3654,8138674988.758,8138675011.852,8138679302.115,1527.253,4313.357,2786.104,23.094,2763.010,5686.643,0,0.000,1,4,48,0
3655,8138686886.726,8138686906.351,8138688471.459,1564.702,1584.733,20.031,19.625,0.406,8415.267,0,0.000,0,4,48,0
3656,8138694384.164,8138694398.405,8138697853.564,1564.222,3469.400,1905.178,14.241,1890.937,6530.600,0,0.000,1,4,48,0
3657,8138707386.977,8138707406.310,8138708909.508,1502.741,1522.531,19.790,19.333,0.457,8477.469,0,0.000,0,4,48,0
3658,8138714584.496,8138714606.609,8138717587.549,1589.820,3003.053,1413.233,22.113,1391.120,6996.947,0,0.000,1,4,48,0
3659,8138728316.627,8138728335.742,8138729905.703,1569.544,1589.076,19.532,19.115,0.417,8410.924,0,0.000,0,4,48,0
3660,8138735069.735,8138735084.944,8138738931.191,1522.680,3861.456,2338.776,15.209,2323.567,6138.544,0,0.000,1,4,48,0
3661,8138745735.436,8138745768.476,8138747264.253,1494.736,1528.817,34.081,33.040,1.041,8471.183,0,0.000,0,4,48,0
3662,8138760562.818,8138760582.995,8138762150.950,1567.395,1588.132,20.737,20.177,0.560,8411.868,0,0.000,0,4,48,0
3663,8138767568.202,8138767589.644,8138771703.085,1545.536,4134.883,2589.347,21.442,2567.905,5865.117,0,0.000,1,4,48,0
3664,8138779608.286,8138779627.597,8138781229.191,1601.164,1620.905,19.741,19.311,0.430,8379.095,0,0.000,0,4,48,0
3665,8138790513.479,8138790532.911,8138792074.262,1540.867,1560.783,19.916,19.432,0.484,8439.217,0,0.000,0,4,48,0
3666,8138801163.671,8138801185.372,8138802710.584,1524.765,1546.913,22.148,21.701,0.447,8453.087,0,0.000,0,4,48,0
3667,8138810592.060,8138810607.899,8138812136.336,1527.936,1544.276,16.340,15.839,0.501,8455.724,0,0.000,0,4,48,0
3668,8138825008.649,8138825026.991,8138826552.622,1525.172,1543.973,18.801,18.342,0.459,8456.027,0,0.000,0,4,48,0
3669,8138831394.819,8138831413.338,8138835996.710,1570.156,4601.891,3031.735,18.519,3013.216,5398.109,0,0.000,1,4,48,0
3670,8138838146.150,8138838160.558,8138845768.793,1582.143,7622.643,6040.500,14.408,6026.092,2377.357,0,0.000,1,4,48,0
3671,8138843854.981,8138845773.227,8138855024.695,1478.718,11169.714,9690.996,1918.246,7772.750,-1169.714,1,1169.714,1,4,48,0
3672,8138858610.036,8138858630.810,8138860270.919,1639.667,1660.883,21.216,20.774,0.442,8339.117,0,0.000,0,4,48,0
3673,8138872944.476,8138872964.930,8138874477.458,1512.107,1532.982,20.875,20.454,0.421,8467.018,0,0.000,0,4,48,0
3674,8138879050.591,8138879070.095,8138883591.334,1573.104,4540.743,2967.639,19.504,2948.135,5459.257,0,0.000,1,4,48,0
3675,8138885471.965,8138885485.893,8138893015.658,1572.385,7543.693,5971.308,13.928,5957.380,2456.307,0,0.000,1,4,48,0
3676,8138894992.268,8138895014.351,8138902962.004,1535.553,7969.736,6434.183,22.083,6412.100,2030.264,0,0.000,1,4,48,0
3677,8138900777.414,8138902967.610,8138904545.646,1577.608,3768.232,2190.624,2190.196,0.428,6231.768,0,0.000,0,4,48,0
3678,8138913607.242,8138913626.634,8138915169.520,1542.482,1562.278,19.796,19.392,0.404,8437.722,0,0.000,0,4,48,0
3679,8138925137.165,8138925156.166,8138926679.789,1523.220,1542.624,19.404,19.001,0.403,8457.376,0,0.000,0,4,48,0
3680,8138937180.258,8138937200.888,8138938800.827,1599.511,1620.569,21.058,20.630,0.428,8379.431,0,0.000,0,4,48,0
3681,8138950370.158,8138950390.903,8138952021.006,1629.599,1650.848,21.249,20.745,0.504,8349.152,0,0.000,0,4,48,0
3682,8138964489.150,8138964508.239,8138966023.283,1514.650,1534.133,19.483,19.089,0.394,8465.867,0,0.000,0,4,48,0
3683,8138972950.436,8138972970.326,8138974522.567,1551.795,1572.131,20.336,19.890,0.446,8427.869,0,0.000,0,4,48,0
3684,8138982707.767,8138982721.612,8138984245.170,1523.162,1537.403,14.241,13.845,0.396,8462.597,0,0.000,0,4,48,0
3685,8138994043.117,8138994063.254,8138995523.584,1459.848,1480.467,20.619,20.137,0.482,8519.533,0,0.000,0,4,48,0
3686,8139002528.624,8139002548.495,8139004079.044,1529.992,1550.420,20.428,19.871,0.557,8449.580,0,0.000,0,4,48,0
3687,8139007531.093,8139007554.937,8139013654.270,1561.182,6123.177,4561.995,23.844,4538.151,3876.823,0,0.000,1,4,48,0
3688,8139014393.026,8139014414.901,8139022568.027,1610.992,8175.001,6564.009,21.875,6542.134,1824.999,0,0.000,1,4,48,0
3689,8139024453.636,8139024468.575,8139032589.281,1573.322,8135.645,6562.323,14.939,6547.384,1864.355,0,0.000,1,4,48,0
3690,8139033211.819,8139033230.963,8139034777.734,1546.218,1565.915,19.697,19.144,0.553,8434.085,0,0.000,0,4,48,0
3691,8139042729.762,8139042743.798,8139044287.613,1543.306,1557.851,14.545,14.036,0.509,8442.149,0,0.000,0,4,48,0
3692,8139054918.412,8139054938.515,8139056432.481,1493.464,1514.069,20.605,20.103,0.502,8485.931,0,0.000,0,4,48,0
3693,8139064810.986,8139064829.946,8139066359.931,1529.499,1548.945,19.446,18.960,0.486,8451.055,0,0.000,0,4,48,0
3694,8139071035.779,8139071055.261,8139075524.621,1633.853,4488.842,2854.989,19.482,2835.507,5511.158,0,0.000,1,4,48,0
3695,8139077264.791,8139077288.188,8139084837.774,1507.341,7572.983,6065.642,23.397,6042.245,2427.017,0,0.000,1,4,48,0
3696,8139088841.666,8139088861.607,8139090501.471,1639.374,1659.805,20.431,19.941,0.490,8340.195,0,0.000,0,4,48,0
3697,8139099573.427,8139099593.683,8139101087.613,1493.450,1514.186,20.736,20.256,0.480,8485.814,0,0.000,0,4,48,0
3698,8139106066.430,8139106081.436,8139110211.023,1552.202,4144.593,2592.391,15.006,2577.385,5855.407,0,0.000,1,4,48,0
3699,8139111625.029,8139111646.477,8139119740.708,1512.578,8115.679,6603.101,21.448,6581.653,1884.321,0,0.000,1,4,48,0
3700,8139119447.212,8139119746.016,8139129594.276,1532.811,10147.064,8614.253,298.804,8315.449,-147.064,1,147.064,1,4,48,0
3701,8139130457.491,8139130477.664,8139132011.724,1533.526,1554.233,20.707,20.173,0.534,8445.767,0,0.000,0,4,48,0
3702,8139138297.416,8139138318.955,8139139916.781,1597.255,1619.365,22.110,21.539,0.571,8380.635,0,0.000,0,4,48,0
3703,8139143412.066,8139143427.082,8139149372.887,1636.951,5960.821,4323.870,15.016,4308.854,4039.179,0,0.000,1,4,48,0
3704,8139150035.682,8139150050.150,8139158902.107,1551.091,8866.425,7315.334,14.468,7300.866,1133.575,0,0.000,1,4,48,0
3705,8139155376.154,8139158906.661,8139168314.012,1514.883,12937.858,11422.975,3530.507,7892.468,-2937.858,1,2937.858,1,4,48,0
3706,8139162674.668,8139168325.433,8139169836.088,1510.216,7161.420,5651.204,5650.765,0.439,2838.580,0,0.000,0,4,48,0
3707,8139174581.190,8139174600.922,8139179425.712,1525.764,4844.522,3318.758,19.732,3299.026,5155.478,0,0.000,1,4,48,0
3708,8139184407.107,8139184421.302,8139189220.237,1498.525,4813.130,3314.605,14.195,3300.410,5186.870,0,0.000,1,4,48,0
3709,8139192221.796,8139192242.807,8139198311.866,1514.306,6090.070,4575.764,21.011,4554.753,3909.930,0,0.000,1,4,48,0
3710,8139206724.331,8139206743.724,8139208301.965,1557.815,1577.634,19.819,19.393,0.426,8422.366,0,0.000,0,4,48,0
3711,8139214390.185,8139214408.320,8139217665.486,1528.953,3275.301,1746.348,18.135,1728.213,6724.699,0,0.000,1,4,48,0
3712,8139221569.177,8139221582.998,8139226887.841,1564.332,5318.664,3754.332,13.821,3740.511,4681.336,0,0.000,1,4,48,0
3713,8139231790.249,8139231811.012,8139233436.094,1624.443,1645.845,21.402,20.763,0.639,8354.155,0,0.000,0,4,48,0
3714,8139243364.633,8139243384.416,8139244858.699,1473.870,1494.066,20.196,19.783,0.413,8505.934,0,0.000,0,4,48,0
3715,8139257451.781,8139257475.264,8139258986.706,1510.976,1534.925,23.949,23.483,0.466,8465.075,0,0.000,0,4,48,0
3716,8139263666.601,8139263680.933,8139267763.157,1626.323,4096.556,2470.233,14.332,2455.901,5903.444,0,0.000,1,4,48,0
3717,8139277900.486,8139277919.511,8139279396.878,1476.887,1496.392,19.505,19.025,0.480,8503.608,0,0.000,0,4,48,0
3718,8139283433.025,8139283448.112,8139288891.630,1537.260,5458.605,3921.345,15.087,3906.258,4541.395,0,0.000,1,4,48,0
3719,8139289343.639,8139289357.204,8139297923.905,1602.828,8580.266,6977.438,13.565,6963.873,1419.734,0,0.000,1,4,48,0
3720,8139304197.259,8139304222.357,8139305782.652,1559.872,1585.393,25.521,25.098,0.423,8414.607,0,0.000,0,4,48,0
3721,8139316740.276,8139316759.936,8139318298.654,1538.227,1558.378,20.151,19.660,0.491,8441.622,0,0.000,0,4,48,0
3722,8139327758.378,8139327777.782,8139329334.495,1556.309,1576.117,19.808,19.404,0.404,8423.883,0,0.000,0,4,48,0
3723,8139340988.179,8139341012.465,8139342522.311,1509.357,1534.132,24.775,24.286,0.489,8465.868,0,0.000,0,4,48,0
3724,8139355272.937,8139355292.017,8139356827.694,1535.259,1554.757,19.498,19.080,0.418,8445.243,0,0.000,0,4,48,0
3725,8139362941.442,8139362958.568,8139365777.366,1541.594,2835.924,1294.330,17.126,1277.204,7164.076,0,0.000,1,4,48,0
3726,8139368928.612,8139368948.525,8139375746.344,1516.220,6817.732,5301.512,19.913,5281.599,3182.268,0,0.000,1,4,48,0
3727,8139383668.413,8139383689.833,8139385309.030,1618.650,1640.617,21.967,21.420,0.547,8359.383,0,0.000,0,4,48,0
3728,8139393597.241,8139393611.688,8139395121.557,1509.142,1524.316,15.174,14.447,0.727,8475.684,0,0.000,0,4,48,0
3729,8139400611.295,8139400631.134,8139403771.564,1540.046,3160.269,1620.223,19.839,1600.384,6839.731,0,0.000,1,4,48,0
3730,8139410019.628,8139410037.802,8139411568.181,1529.960,1548.553,18.593,18.174,0.419,8451.447,0,0.000,0,4,48,0
3731,8139416208.290,8139416228.311,8139420748.357,1498.694,4540.067,3041.373,20.021,3021.352,5459.933,0,0.000,1,4,48,0
3732,8139429964.153,8139429984.450,8139431616.221,1631.248,1652.068,20.820,20.297,0.523,8347.932,0,0.000,0,4,48,0
3733,8139437217.369,8139437232.803,8139440632.784,1431.585,3415.415,1983.830,15.434,1968.396,6584.585,0,0.000,1,4,48,0
3734,8139452337.213,8139452358.513,8139453904.605,1545.670,1567.392,21.722,21.300,0.422,8432.608,0,0.000,0,4,48,0
3735,8139457322.227,8139457337.246,8139463267.487,1574.278,5945.260,4370.982,15.019,4355.963,4054.740,0,0.000,1,4,48,0
3736,8139467275.573,8139467291.078,8139472353.375,1400.142,5077.802,3677.660,15.505,3662.155,4922.198,0,0.000,1,4,48,0
3737,8139476564.784,8139476578.341,8139478081.828,1503.080,1517.044,13.964,13.557,0.407,8482.956,0,0.000,0,4,48,0
3738,8139489077.995,8139489097.090,8139490664.032,1566.537,1586.037,19.500,19.095,0.405,8413.963,0,0.000,0,4,48,0
3739,8139498488.644,8139498520.058,8139500075.384,1554.089,1586.740,32.651,31.414,1.237,8413.260,0,0.000,0,4,48,0
3740,8139508007.185,8139508039.011,8139509569.526,1529.093,1562.341,33.248,31.826,1.422,8437.659,0,0.000,0,4,48,0
3741,8139520442.257,8139520481.470,8139521986.625,1503.892,1544.368,40.476,39.213,1.263,8455.632,0,0.000,0,4,48,0
3742,8139531306.398,8139531340.906,8139532952.020,1610.015,1645.622,35.607,34.508,1.099,8354.378,0,0.000,0,4,48,0
3743,8139546195.458,8139546233.308,8139547712.814,1477.673,1517.356,39.683,37.850,1.833,8482.644,0,0.000,0,4,48,0
3744,8139559722.018,8139559761.286,8139561370.372,1607.604,1648.354,40.750,39.268,1.482,8351.646,0,0.000,0,4,48,0
3745,8139567198.228,8139567230.267,8139570437.587,1464.520,3239.359,1774.839,32.039,1742.800,6760.641,0,0.000,1,4,48,0
3746,8139573458.094,8139573476.773,8139579749.910,1545.489,6291.816,4746.327,18.679,4727.648,3708.184,0,0.000,1,4,48,0
3747,8139579804.578,8139579819.274,8139589739.824,1527.035,9935.246,8408.211,14.696,8393.515,64.754,0,0.000,1,4,48,0
3748,8139588312.434,8139589745.044,8139591306.658,1561.171,2994.224,1433.053,1432.610,0.443,7005.776,0,0.000,0,4,48,0
3749,8139602453.488,8139602474.758,8139604057.467,1582.175,1603.979,21.804,21.270,0.534,8396.021,0,0.000,0,4,48,0
3750,8139614270.158,8139614290.988,8139615882.631,1591.214,1612.473,21.259,20.830,0.429,8387.527,0,0.000,0,4,48,0
3751,8139626660.058,8139626680.520,8139628244.441,1563.509,1584.383,20.874,20.462,0.412,8415.617,0,0.000,0,4,48,0
3752,8139639254.867,8139639289.460,8139640851.678,1561.375,1596.811,35.436,34.593,0.843,8403.189,0,0.000,0,4,48,0
3753,8139650303.593,8139650323.360,8139651797.656,1473.755,1494.063,20.308,19.767,0.541,8505.937,0,0.000,0,4,48,0
3754,8139656369.413,8139656384.466,8139661246.186,1553.530,4876.773,3323.243,15.053,3308.190,5123.227,0,0.000,1,4,48,0
3755,8139670313.008,8139670332.989,8139671842.503,1509.087,1529.495,20.408,19.981,0.427,8470.505,0,0.000,0,4,48,0
3756,8139675739.054,8139675761.074,8139680580.393,1501.206,4841.339,3340.133,22.020,3318.113,5158.661,0,0.000,1,4,48,0
3757,8139683993.792,8139684011.475,8139690904.893,1575.047,6911.101,5336.054,17.683,5318.371,3088.899,0,0.000,1,4,48,0
3758,8139694406.975,8139694421.006,8139696011.011,1589.578,1604.036,14.458,14.031,0.427,8395.964,0,0.000,0,4,48,0
3759,8139703930.502,8139703950.885,8139705523.863,1572.570,1593.361,20.791,20.383,0.408,8406.639,0,0.000,0,4,48,0
3760,8139715695.983,8139715716.316,8139717241.877,1525.150,1545.894,20.744,20.333,0.411,8454.106,0,0.000,0,4,48,0
3761,8139725065.678,8139725079.641,8139726775.791,1695.669,1710.113,14.444,13.963,0.481,8289.887,0,0.000,0,4,48,0
3762,8139733007.223,8139733032.356,8139735735.067,1634.707,2727.844,1093.137,25.133,1068.004,7272.156,0,0.000,1,4,48,0
3763,8139738651.751,8139738672.558,8139745413.777,1663.782,6762.026,5098.244,20.807,5077.437,3237.974,0,0.000,1,4,48,0
3764,8139750061.063,8139750080.788,8139755081.423,1583.561,5020.360,3436.799,19.725,3417.074,4979.640,0,0.000,1,4,48,0
3765,8139763331.161,8139763350.500,8139764879.457,1528.549,1548.296,19.747,19.339,0.408,8451.704,0,0.000,0,4,48,0
3766,8139775987.808,8139776012.507,8139777491.443,1478.490,1503.635,25.145,24.699,0.446,8496.365,0,0.000,0,4,48,0
3767,8139782513.084,8139782529.853,8139786098.117,1574.367,3585.033,2010.666,16.769,1993.897,6414.967,0,0.000,1,4,48,0
3768,8139788933.416,8139788948.321,8139796604.696,1649.620,7671.280,6021.660,14.905,6006.755,2328.720,0,0.000,1,4,48,0
3769,8139803502.722,8139803521.774,8139805128.277,1606.100,1625.555,19.455,19.052,0.403,8374.445,0,0.000,0,4,48,0
3770,8139808608.077,8139808622.030,8139814611.582,1475.270,6003.505,4528.235,13.953,4514.282,3996.495,0,0.000,1,4,48,0
3771,8139820501.788,8139820520.748,8139822076.597,1555.432,1574.809,19.377,18.960,0.417,8425.191,0,0.000,0,4,48,0
3772,8139833402.867,8139833421.715,8139834968.451,1546.243,1565.584,19.341,18.848,0.493,8434.416,0,0.000,0,4,48,0
3773,8139847226.247,8139847246.765,8139848692.466,1445.295,1466.219,20.924,20.518,0.406,8533.781,0,0.000,0,4,48,0
3774,8139857076.671,8139857092.289,8139858645.102,1552.413,1568.431,16.018,15.618,0.400,8431.569,0,0.000,0,4,48,0
3775,8139867863.018,8139867883.751,8139869386.152,1501.985,1523.134,21.149,20.733,0.416,8476.866,0,0.000,0,4,48,0
3776,8139882923.516,8139882943.404,8139884453.237,1509.414,1529.721,20.307,19.888,0.419,8470.279,0,0.000,0,4,48,0
3777,8139892657.487,8139892671.640,8139894238.977,1566.915,1581.490,14.575,14.153,0.422,8418.510,0,0.000,0,4,48,0
3778,8139902049.367,8139902068.329,8139903605.031,1536.286,1555.664,19.378,18.962,0.416,8444.336,0,0.000,0,4,48,0
3779,8139911291.275,8139911312.623,8139912833.278,1520.166,1542.003,21.837,21.348,0.489,8457.997,0,0.000,0,4,48,0
3780,8139922023.804,8139922044.446,8139923632.347,1587.423,1608.543,21.120,20.642,0.478,8391.457,0,0.000,0,4,48,0
3781,8139928290.739,8139928309.504,8139932802.932,1468.390,4512.193,3043.803,18.765,3025.038,5487.807,0,0.000,1,4,48,0
3782,8139936525.395,8139936539.365,8139942114.337,1540.659,5588.942,4048.283,13.970,4034.313,4411.058,0,0.000,1,4,48,0
3783,8139951376.683,8139951405.056,8139952905.829,1499.919,1529.146,29.227,28.373,0.854,8470.854,0,0.000,0,4,48,0
3784,8139965906.811,8139965936.399,8139967498.210,1560.978,1591.399,30.421,29.588,0.833,8408.601,0,0.000,0,4,48,0
3785,8139977375.862,8139977406.583,8139978968.621,1561.068,1592.759,31.691,30.721,0.970,8407.241,0,0.000,0,4,48,0
3786,8139991967.473,8139991987.971,8139993531.383,1542.823,1563.910,21.087,20.498,0.589,8436.090,0,0.000,0,4,48,0
3787,8139997143.996,8139997165.211,8140002706.450,1557.883,5562.454,4004.571,21.215,3983.356,4437.546,0,0.000,1,4,48,0
3788,8140006919.558,8140006937.934,8140012516.228,1604.166,5596.670,3992.504,18.376,3974.128,4403.330,0,0.000,1,4,48,0
3789,8140019942.581,8140019962.262,8140021529.925,1567.127,1587.344,20.217,19.681,0.536,8412.656,0,0.000,0,4,48,0
3790,8140028226.910,8140028241.147,8140029809.149,1567.556,1582.239,14.683,14.237,0.446,8417.761,0,0.000,0,4,48,0
3791,8140042225.096,8140042246.858,8140043753.807,1506.533,1528.711,22.178,21.762,0.416,8471.289,0,0.000,0,4,48,0
3792,8140050666.434,8140050680.228,8140052180.222,1499.569,1513.788,14.219,13.794,0.425,8486.212,0,0.000,0,4,48,0
3793,8140058746.663,8140058774.358,8140060252.176,1476.922,1505.513,28.591,27.695,0.896,8494.487,0,0.000,0,4,48,0
3794,8140065906.926,8140065922.665,8140069208.717,1535.795,3301.791,1765.996,15.739,1750.257,6698.209,0,0.000,1,4,48,0
3795,8140075443.014,8140075476.326,8140076962.926,1485.589,1519.912,34.323,33.312,1.011,8480.088,0,0.000,0,4,48,0
3796,8140080482.160,8140080502.635,8140086475.971,1513.367,5993.811,4480.444,20.475,4459.969,4006.189,0,0.000,1,4,48,0
3797,8140089988.471,8140090011.944,8140095982.565,1510.173,5994.094,4483.921,23.473,4460.448,4005.906,0,0.000,1,4,48,0
3798,8140103837.469,8140103858.877,8140105344.685,1485.284,1507.216,21.932,21.408,0.524,8492.784,0,0.000,0,4,48,0
3799,8140109637.782,8140109658.017,8140114045.879,1545.761,4408.097,2862.336,20.235,2842.101,5591.903,0,0.000,1,4,48,0
3800,8140115302.164,8140115318.610,8140123868.419,1529.659,8566.255,7036.596,16.446,7020.150,1433.745,0,0.000,1,4,48,0
3801,8140123667.136,8140123872.871,8140133855.494,1546.406,10188.358,8641.952,205.735,8436.217,-188.358,1,188.358,1,4,48,0
3802,8140134250.423,8140134269.697,8140135752.348,1482.222,1501.925,19.703,19.274,0.429,8498.075,0,0.000,0,4,48,0
3803,8140147643.613,8140147663.530,8140149218.401,1554.373,1574.788,20.415,19.917,0.498,8425.212,0,0.000,0,4,48,0
3804,8140157040.684,8140157055.193,8140158588.015,1532.346,1547.331,14.985,14.509,0.476,8452.669,0,0.000,0,4,48,0
3805,8140171523.419,8140171544.510,8140173075.125,1530.203,1551.706,21.503,21.091,0.412,8448.294,0,0.000,0,4,48,0
3806,8140183831.284,8140183850.669,8140185337.636,1486.479,1506.352,19.873,19.385,0.488,8493.648,0,0.000,0,4,48,0
3807,8140197829.454,8140197849.058,8140199339.057,1489.517,1509.603,20.086,19.604,0.482,8490.397,0,0.000,0,4,48,0
3808,8140204240.133,8140204254.531,8140208651.021,1563.334,4410.888,2847.554,14.398,2833.156,5589.112,0,0.000,1,4,48,0
3809,8140218728.910,8140218748.086,8140220396.428,1647.915,1667.518,19.603,19.176,0.427,8332.482,0,0.000,0,4,48,0
3810,8140224670.119,8140224684.439,8140229963.400,1546.414,5293.281,3746.867,14.320,3732.547,4706.719,0,0.000,1,4,48,0
3811,8140234968.114,8140234982.514,8140236549.377,1566.430,1581.263,14.833,14.400,0.433,8418.737,0,0.000,0,4,48,0
3812,8140242465.097,8140242484.812,8140245957.691,1502.381,3492.594,1990.213,19.715,1970.498,6507.406,0,0.000,1,4,48,0
3813,8140253708.359,8140253727.444,8140255324.254,1596.369,1615.895,19.526,19.085,0.441,8384.105,0,0.000,0,4,48,0
3814,8140268086.436,8140268105.629,8140269593.679,1487.608,1507.243,19.635,19.193,0.442,8492.757,0,0.000,0,4,48,0
3815,8140276130.240,8140276150.276,8140277668.092,1517.395,1537.852,20.457,20.036,0.421,8462.148,0,0.000,0,4,48,0
3816,8140282738.478,8140282759.560,8140286376.801,1484.622,3638.323,2153.701,21.082,2132.619,6361.677,0,0.000,1,4,48,0
3817,8140294606.101,8140294626.255,8140296141.112,1514.434,1535.011,20.577,20.154,0.423,8464.989,0,0.000,0,4,48,0
3818,8140305501.646,8140305520.644,8140307171.471,1650.410,1669.825,19.415,18.998,0.417,8330.175,0,0.000,0,4,48,0
3819,8140318424.248,8140318443.443,8140320020.344,1571.414,1596.096,24.682,19.195,5.487,8403.904,0,0.000,0,4,48,0
3820,8140333159.199,8140333178.342,8140334685.755,1506.950,1526.556,19.606,19.143,0.463,8473.444,0,0.000,0,4,48,0
3821,8140342007.237,8140342022.050,8140343502.373,1479.910,1495.136,15.226,14.813,0.413,8504.864,0,0.000,0,4,48,0
3822,8140356875.748,8140356896.967,8140358500.506,1603.113,1624.758,21.645,21.219,0.426,8375.242,0,0.000,0,4,48,0
3823,8140363488.750,8140363509.537,8140367966.631,1575.541,4477.881,2902.340,20.787,2881.553,5522.119,0,0.000,1,4,48,0
3824,8140377764.532,8140377783.579,8140379440.062,1656.061,1675.530,19.469,19.047,0.422,8324.470,0,0.000,0,4,48,0
3825,8140384711.078,8140384724.981,8140388056.147,1562.351,3345.069,1782.718,13.903,1768.815,6654.931,0,0.000,1,4,48,0
3826,8140393239.549,8140393253.682,8140398584.328,1545.464,5344.779,3799.315,14.133,3785.182,4655.221,0,0.000,1,4,48,0
3827,8140406917.130,8140406935.906,8140408402.110,1465.786,1484.980,19.194,18.776,0.418,8515.020,0,0.000,0,4,48,0
3828,8140418037.162,8140418058.151,8140419599.701,1540.441,1562.539,22.098,20.989,1.109,8437.461,0,0.000,0,4,48,0
3829,8140423507.876,8140423522.561,8140429111.693,1545.686,5603.817,4058.131,14.685,4043.446,4396.183,0,0.000,1,4,48,0
3830,8140431463.196,8140431476.677,8140438093.568,1574.035,6630.372,5056.337,13.481,5042.856,3369.628,0,0.000,1,4,48,0
3831,8140441393.675,8140441413.569,8140448068.164,1443.704,6674.489,5230.785,19.894,5210.891,3325.511,0,0.000,1,4,48,0
3832,8140450369.404,8140450388.185,8140451951.495,1562.878,1582.091,19.213,18.781,0.432,8417.909,0,0.000,0,4,48,0
3833,8140460699.548,8140460720.440,8140462237.523,1516.667,1537.975,21.308,20.892,0.416,8462.025,0,0.000,0,4,48,0
3834,8140469155.245,8140469173.730,8140470762.406,1588.275,1607.161,18.886,18.485,0.401,8392.839,0,0.000,0,4,48,0
3835,8140478449.146,8140478463.206,8140480026.344,1562.677,1577.198,14.521,14.060,0.461,8422.802,0,0.000,0,4,48,0
3836,8140492635.701,8140492655.321,8140494113.397,1457.656,1477.696,20.040,19.620,0.420,8522.304,0,0.000,0,4,48,0
3837,8140498613.847,8140498627.777,8140502748.080,1480.711,4134.233,2653.522,13.930,2639.592,5865.767,0,0.000,1,4,48,0
3838,8140509899.339,8140509918.635,8140511510.215,1591.172,1610.876,19.704,19.296,0.408,8389.124,0,0.000,0,4,48,0
3839,8140521623.655,8140521642.444,8140523185.071,1542.153,1561.416,19.263,18.789,0.474,8438.584,0,0.000,0,4,48,0
3840,8140529572.274,8140529586.438,8140531205.236,1618.363,1632.962,14.599,14.164,0.435,8367.038,0,0.000,0,4,48,0
3841,8140543138.534,8140543159.664,8140544776.127,1616.029,1637.593,21.564,21.130,0.434,8362.407,0,0.000,0,4,48,0
3842,8140554268.258,8140554287.886,8140555847.251,1558.817,1578.993,20.176,19.628,0.548,8421.007,0,0.000,0,4,48,0
3843,8140564026.405,8140564041.511,8140565607.722,1565.770,1581.317,15.547,15.106,0.441,8418.683,0,0.000,0,4,48,0
3844,8140571292.492,8140571307.887,8140574846.262,1510.284,3553.770,2043.486,15.395,2028.091,6446.230,0,0.000,1,4,48,0
3845,8140584722.198,8140584741.482,8140586321.306,1579.344,1599.108,19.764,19.284,0.480,8400.892,0,0.000,0,4,48,0
3846,8140595525.042,8140595548.008,8140597115.606,1566.733,1590.564,23.831,22.966,0.865,8409.436,0,0.000,0,4,48,0
3847,8140609481.759,8140609503.127,8140611012.932,1509.310,1531.173,21.863,21.368,0.495,8468.827,0,0.000,0,4,48,0
3848,8140616338.137,8140616354.896,8140620357.354,1515.174,4019.217,2504.043,16.759,2487.284,5980.783,0,0.000,1,4,48,0
3849,8140623350.523,8140623364.965,8140629498.246,1528.929,6147.723,4618.794,14.442,4604.352,3852.277,0,0.000,1,4,48,0
3850,8140634375.062,8140634394.084,8140635996.038,1601.544,1620.976,19.432,19.022,0.410,8379.024,0,0.000,0,4,48,0
3851,8140649120.402,8140649140.151,8140650604.955,1464.372,1484.553,20.181,19.749,0.432,8515.447,0,0.000,0,4,48,0
3852,8140659674.401,8140659692.324,8140661210.267,1517.524,1535.866,18.342,17.923,0.419,8464.134,0,0.000,0,4,48,0
3853,8140669467.331,8140669487.282,8140671067.572,1579.865,1600.241,20.376,19.951,0.425,8399.759,0,0.000,0,4,48,0
3854,8140678570.501,8140678589.906,8140680152.265,1561.870,1581.764,19.894,19.405,0.489,8418.236,0,0.000,0,4,48,0
3855,8140685014.448,8140685037.833,8140689102.361,1489.151,4087.913,2598.762,23.385,2575.377,5912.087,0,0.000,1,4,48,0
3856,8140698712.167,8140698731.693,8140700192.216,1460.099,1480.049,19.950,19.526,0.424,8519.951,0,0.000,0,4,48,0
3857,8140703669.726,8140703690.339,8140708946.979,1526.296,5277.253,3750.957,20.613,3730.344,4722.747,0,0.000,1,4,48,0
3858,8140712481.126,8140712494.621,8140718732.023,1494.667,6250.897,4756.230,13.495,4742.735,3749.103,0,0.000,1,4,48,0
3859,8140724712.001,8140724732.193,8140726266.296,1533.597,1554.295,20.698,20.192,0.506,8445.705,0,0.000,0,4,48,0
3860,8140730458.775,8140730479.859,8140735712.559,1513.395,5253.784,3740.389,21.084,3719.305,4746.216,0,0.000,1,4,48,0
3861,8140742130.947,8140742157.462,8140743726.078,1567.711,1595.131,27.420,26.515,0.905,8404.869,0,0.000,0,4,48,0
3862,8140755110.713,8140755138.509,8140756629.447,1489.967,1518.734,28.767,27.796,0.971,8481.266,0,0.000,0,4,48,0
3863,8140762040.249,8140762062.898,8140765689.426,1513.437,3649.177,2135.740,22.649,2113.091,6350.823,0,0.000,1,4,48,0
3864,8140769964.785,8140769980.218,8140775665.464,1556.880,5700.679,4143.799,15.433,4128.366,4299.321,0,0.000,1,4,48,0
3865,8140779855.570,8140779876.339,8140781401.791,1524.851,1546.221,21.370,20.769,0.601,8453.779,0,0.000,0,4,48,0
3866,8140785424.331,8140785444.253,8140790958.182,1640.842,5533.851,3893.009,19.922,3873.087,4466.149,0,0.000,1,4,48,0
3867,8140796584.896,8140796606.311,8140798161.262,1554.446,1576.366,21.920,21.415,0.505,8423.634,0,0.000,0,4,48,0
3868,8140806631.464,8140806646.982,8140808164.798,1517.394,1533.334,15.940,15.518,0.422,8466.666,0,0.000,0,4,48,0
3869,8140818355.249,8140818375.301,8140819913.451,1537.710,1558.202,20.492,20.052,0.440,8441.798,0,0.000,0,4,48,0
3870,8140824223.819,8140824242.140,8140829106.036,1500.783,4882.217,3381.434,18.321,3363.113,5117.783,0,0.000,1,4,48,0
3871,8140837555.365,8140837574.890,8140839162.672,1587.372,1607.307,19.935,19.525,0.410,8392.693,0,0.000,0,4,48,0
3872,8140850590.907,8140850612.494,8140852157.069,1544.063,1566.162,22.099,21.587,0.512,8433.838,0,0.000,0,4,48,0
3873,8140862068.869,8140862090.453,8140863618.268,1527.326,1549.399,22.073,21.584,0.489,8450.601,0,0.000,0,4,48,0
3874,8140874449.424,8140874468.990,8140875982.056,1512.574,1532.632,20.058,19.566,0.492,8467.368,0,0.000,0,4,48,0
3875,8140888570.317,8140888589.580,8140890074.652,1484.668,1504.335,19.667,19.263,0.404,8495.665,0,0.000,0,4,48,0
3876,8140901677.170,8140901696.401,8140903344.557,1647.748,1667.387,19.639,19.231,0.408,8332.613,0,0.000,0,4,48,0
3877,8140908050.417,8140908067.174,8140912258.903,1509.719,4208.486,2698.767,16.757,2682.010,5791.514,0,0.000,1,4,48,0
3878,8140916503.557,8140916517.140,8140921774.809,1574.275,5271.252,3696.977,13.583,3683.394,4728.748,0,0.000,1,4,48,0
3879,8140924519.773,8140924541.760,8140931711.100,1477.541,7191.327,5713.786,21.987,5691.799,2808.673,0,0.000,1,4,48,0
3880,8140936492.288,8140936511.291,8140938065.377,1553.659,1573.089,19.430,19.003,0.427,8426.911,0,0.000,0,4,48,0
3881,8140942116.292,8140942130.641,8140947200.817,1569.888,5084.525,3514.637,14.349,3500.288,4915.475,0,0.000,1,4,48,0
3882,8140952094.218,8140952111.085,8140957133.327,1526.660,5039.109,3512.449,16.867,3495.582,4960.891,0,0.000,1,4,48,0
3883,8140964108.943,8140964127.826,8140965610.162,1481.898,1501.219,19.321,18.883,0.438,8498.781,0,0.000,0,4,48,0
3884,8140969188.704,8140969203.748,8140974854.515,1536.119,5665.811,4129.692,15.044,4114.648,4334.189,0,0.000,1,4,48,0
3885,8140984118.222,8140984139.061,8140985690.627,1551.145,1572.405,21.260,20.839,0.421,8427.595,0,0.000,0,4,48,0
3886,8140997686.811,8140997705.909,8140999202.501,1496.134,1515.690,19.556,19.098,0.458,8484.310,0,0.000,0,4,48,0
3887,8141006208.859,8141006227.821,8141007744.953,1516.713,1536.094,19.381,18.962,0.419,8463.906,0,0.000,0,4,48,0
3888,8141018811.050,8141018830.830,8141020343.522,1512.239,1532.472,20.233,19.780,0.453,8467.528,0,0.000,0,4,48,0
3889,8141025403.081,8141025417.408,8141029797.307,1565.252,4394.226,2828.974,14.327,2814.647,5605.774,0,0.000,1,4,48,0
3890,8141040129.694,8141040148.936,8141041667.622,1518.201,1537.928,19.727,19.242,0.485,8462.072,0,0.000,0,4,48,0
3891,8141054017.490,8141054038.416,8141055554.012,1515.180,1536.522,21.342,20.926,0.416,8463.478,0,0.000,0,4,48,0
3892,8141060326.634,8141060340.525,8141064836.923,1475.141,4510.289,3035.148,13.891,3021.257,5489.711,0,0.000,1,4,48,0
3893,8141068609.598,8141068623.663,8141074195.443,1547.103,5585.845,4038.742,14.065,4024.677,4414.155,0,0.000,1,4,48,0
3894,8141080259.932,8141080287.752,8141081883.191,1594.607,1623.259,28.652,27.820,0.832,8376.741,0,0.000,0,4,48,0
3895,8141091288.234,8141091308.003,8141092854.094,1545.678,1565.860,20.182,19.769,0.413,8434.140,0,0.000,0,4,48,0
3896,8141097138.403,8141097153.679,8141101965.374,1518.027,4826.971,3308.944,15.276,3293.668,5173.029,0,0.000,1,4,48,0
3897,8141103324.870,8141103339.872,8141111317.316,1507.605,7992.446,6484.841,15.002,6469.839,2007.554,0,0.000,1,4,48,0
3898,8141112388.633,8141112402.372,8141121310.215,1510.479,8921.582,7411.103,13.739,7397.364,1078.418,0,0.000,1,4,48,0
3899,8141127067.124,8141127086.368,8141128692.446,1605.553,1625.322,19.769,19.244,0.525,8374.678,0,0.000,0,4,48,0
3900,8141134025.074,8141134045.181,8141137705.939,1588.049,3680.865,2092.816,20.107,2072.709,6319.135,0,0.000,1,4,48,0
3901,8141143143.411,8141143166.707,8141147864.083,1626.258,4720.672,3094.414,23.296,3071.118,5279.328,0,0.000,1,4,48,0
3902,8141148972.487,8141148986.610,8141157083.710,1612.098,8111.223,6499.125,14.123,6485.002,1888.777,0,0.000,1,4,48,0
3903,8141161431.207,8141161450.375,8141162971.804,1521.006,1540.597,19.591,19.168,0.423,8459.403,0,0.000,0,4,48,0
3904,8141174179.650,8141174201.885,8141175694.721,1492.345,1515.071,22.726,22.235,0.491,8484.929,0,0.000,0,4,48,0
3905,8141187194.623,8141187215.945,8141188670.606,1454.157,1475.983,21.826,21.322,0.504,8524.017,0,0.000,0,4,48,0
3906,8141192324.899,8141192339.182,8141198107.434,1552.943,5782.535,4229.592,14.283,4215.309,4217.465,0,0.000,1,4,48,0
3907,8141206035.547,8141206054.739,8141207549.408,1494.223,1513.861,19.638,19.192,0.446,8486.139,0,0.000,0,4,48,0
3908,8141216167.211,8141216186.571,8141217799.986,1612.954,1632.775,19.821,19.360,0.461,8367.225,0,0.000,0,4,48,0
3909,8141226389.565,8141226404.188,8141227967.721,1563.028,1578.156,15.128,14.623,0.505,8421.844,0,0.000,0,4,48,0
3910,8141238538.064,8141238556.908,8141240113.839,1556.526,1575.775,19.249,18.844,0.405,8424.225,0,0.000,0,4,48,0
3911,8141246259.556,8141246274.940,8141249413.591,1595.889,3154.035,1558.146,15.384,1542.762,6845.965,0,0.000,1,4,48,0
3912,8141251477.979,8141251500.234,8141258682.644,1619.279,7204.665,5585.386,22.255,5563.131,2795.335,0,0.000,1,4,48,0
3913,8141263308.349,8141263328.119,8141264956.897,1628.194,1648.548,20.354,19.770,0.584,8351.452,0,0.000,0,4,48,0
3914,8141274510.560,8141274530.051,8141276141.917,1611.335,1631.357,20.022,19.491,0.531,8368.643,0,0.000,0,4,48,0
3915,8141287791.667,8141287811.376,8141289426.501,1614.704,1634.834,20.130,19.709,0.421,8365.166,0,0.000,0,4,48,0
3916,8141296920.458,8141296935.654,8141298474.284,1538.186,1553.826,15.640,15.196,0.444,8446.174,0,0.000,0,4,48,0
3917,8141307089.578,8141307110.354,8141308556.072,1445.224,1466.494,21.270,20.776,0.494,8533.506,0,0.000,0,4,48,0
3918,8141321111.926,8141321131.425,8141322709.012,1577.147,1597.086,19.939,19.499,0.440,8402.914,0,0.000,0,4,48,0
3919,8141334537.107,8141334556.072,8141335987.996,1431.499,1450.889,19.390,18.965,0.425,8549.111,0,0.000,0,4,48,0
3920,8141339824.533,8141339838.714,8141344895.527,1514.769,5070.994,3556.225,14.181,3542.044,4929.006,0,0.000,1,4,48,0
3921,8141349396.030,8141349416.016,8141354554.870,1492.281,5158.840,3666.559,19.986,3646.573,4841.160,0,0.000,1,4,48,0
3922,8141358020.297,8141358038.723,8141359492.408,1453.272,1472.111,18.839,18.426,0.413,8527.889,0,0.000,0,4,48,0
3923,8141371841.468,8141371862.597,8141373414.851,1551.847,1573.383,21.536,21.129,0.407,8426.617,0,0.000,0,4,48,0
3924,8141378224.197,8141378241.723,8141382554.438,1466.408,4330.241,2863.833,17.526,2846.307,5669.759,0,0.000,1,4,48,0
3925,8141384701.534,8141384717.399,8141392142.336,1576.997,7440.802,5863.805,15.865,5847.940,2559.198,0,0.000,1,4,48,0
3926,8141392512.546,8141392525.727,8141401890.153,1504.219,9377.607,7873.388,13.181,7860.207,622.393,0,0.000,1,4,48,0
3927,8141402289.914,8141402303.610,8141403882.587,1578.567,1592.673,14.106,13.696,0.410,8407.327,0,0.000,0,4,48,0
3928,8141409676.393,8141409690.622,8141413039.585,1504.527,3363.192,1858.665,14.229,1844.436,6636.808,0,0.000,1,4,48,0
3929,8141419765.748,8141419781.070,8141421352.001,1570.354,1586.253,15.899,15.322,0.577,8413.747,0,0.000,0,4,48,0
3930,8141432034.454,8141432056.796,8141433647.975,1590.668,1613.521,22.853,22.342,0.511,8386.479,0,0.000,0,4,48,0
3931,8141440896.419,8141440918.968,8141442377.605,1458.126,1481.186,23.060,22.549,0.511,8518.814,0,0.000,0,4,48,0
3932,8141455696.945,8141455717.693,8141457305.205,1587.036,1608.260,21.224,20.748,0.476,8391.740,0,0.000,0,4,48,0
3933,8141460901.198,8141460915.512,8141466108.288,1479.543,5207.090,3727.547,14.314,3713.233,4792.910,0,0.000,1,4,48,0
3934,8141469174.794,8141469188.744,8141475717.808,1535.403,6543.014,5007.611,13.950,4993.661,3456.986,0,0.000,1,4,48,0
3935,8141482146.076,8141482165.962,8141483695.606,1529.213,1549.530,20.317,19.886,0.431,8450.470,0,0.000,0,4,48,0
3936,8141489298.737,8141489317.591,8141492989.424,1521.852,3690.687,2168.835,18.854,2149.981,6309.313,0,0.000,1,4,48,0
3937,8141502501.825,8141502526.199,8141504112.621,1585.886,1610.796,24.910,24.374,0.536,8389.204,0,0.000,0,4,48,0
3938,8141517237.358,8141517257.604,8141518924.701,1666.559,1687.343,20.784,20.246,0.538,8312.657,0,0.000,0,4,48,0
3939,8141528550.707,8141528570.415,8141530116.398,1545.575,1565.691,20.116,19.708,0.408,8434.309,0,0.000,0,4,48,0
3940,8141536633.582,8141536647.509,8141538205.033,1557.127,1571.451,14.324,13.927,0.397,8428.549,0,0.000,0,4,48,0
3941,8141543416.588,8141543436.822,8141547680.840,1608.226,4264.252,2656.026,20.234,2635.792,5735.748,0,0.000,1,4,48,0
3942,8141551152.271,8141551166.121,8141557330.002,1522.805,6177.731,4654.926,13.850,4641.076,3822.269,0,0.000,1,4,48,0
3943,8141559274.485,8141559294.971,8141566648.554,1474.772,7374.069,5899.297,20.486,5878.811,2625.931,0,0.000,1,4,48,0
3944,8141570831.778,8141570851.930,8141572366.744,1514.332,1534.966,20.634,20.152,0.482,8465.034,0,0.000,0,4,48,0
3945,8141578135.921,8141578153.178,8141581581.996,1594.029,3446.075,1852.046,17.257,1834.789,6553.925,0,0.000,1,4,48,0
3946,8141592449.506,8141592469.659,8141594012.096,1542.035,1562.590,20.555,20.153,0.402,8437.410,0,0.000,0,4,48,0
3947,8141601526.414,8141601545.188,8141603014.631,1469.040,1488.217,19.177,18.774,0.403,8511.783,0,0.000,0,4,48,0
3948,8141611009.917,8141611035.272,8141612571.663,1535.920,1561.746,25.826,25.355,0.471,8438.254,0,0.000,0,4,48,0
3949,8141623425.704,8141623446.998,8141624984.077,1536.656,1558.373,21.717,21.294,0.423,8441.627,0,0.000,0,4,48,0
3950,8141633723.769,8141633739.756,8141635299.992,1559.751,1576.223,16.472,15.987,0.485,8423.777,0,0.000,0,4,48,0
3951,8141640534.794,8141640555.065,8141644794.009,1512.809,4259.215,2746.406,20.271,2726.135,5740.785,0,0.000,1,4,48,0
3952,8141646415.527,8141646429.895,8141653779.291,1599.522,7363.764,5764.242,14.368,5749.874,2636.236,0,0.000,1,4,48,0
3953,8141660164.504,8141660185.171,8141661717.155,1531.432,1552.651,21.219,20.667,0.552,8447.349,0,0.000,0,4,48,0
3954,8141673056.439,8141673076.204,8141674578.494,1501.710,1522.055,20.345,19.765,0.580,8477.945,0,0.000,0,4,48,0
3955,8141686551.775,8141686571.000,8141688162.460,1591.046,1610.685,19.639,19.225,0.414,8389.315,0,0.000,0,4,48,0
3956,8141697007.690,8141697033.945,8141698556.854,1522.484,1549.164,26.680,26.255,0.425,8450.836,0,0.000,0,4,48,0
3957,8141706888.270,8141706907.489,8141708481.613,1573.719,1593.343,19.624,19.219,0.405,8406.657,0,0.000,0,4,48,0
3958,8141715038.903,8141715054.527,8141716539.356,1484.428,1500.453,16.025,15.624,0.401,8499.547,0,0.000,0,4,48,0
3959,8141724919.915,8141724934.347,8141726440.551,1505.810,1520.636,14.826,14.432,0.394,8479.364,0,0.000,0,4,48,0
3960,8141733730.955,8141733750.737,8141735339.494,1588.293,1608.539,20.246,19.782,0.464,8391.461,0,0.000,0,4,48,0
3961,8141742139.402,8141742161.310,8141743651.947,1490.184,1512.545,22.361,21.908,0.453,8487.455,0,0.000,0,4,48,0
3962,8141752737.991,8141752756.960,8141754357.853,1600.455,1619.862,19.407,18.969,0.438,8380.138,0,0.000,0,4,48,0
3963,8141763545.899,8141763567.328,8141765121.382,1553.584,1575.483,21.899,21.429,0.470,8424.517,0,0.000,0,4,48,0
3964,8141778219.242,8141778238.835,8141779793.220,1553.958,1573.978,20.020,19.593,0.427,8426.022,0,0.000,0,4,48,0
3965,8141790025.436,8141790044.246,8141791516.095,1471.415,1490.659,19.244,18.810,0.434,8509.341,0,0.000,0,4,48,0
3966,8141799449.284,8141799463.091,8141800916.726,1453.237,1467.442,14.205,13.807,0.398,8532.558,0,0.000,0,4,48,0
3967,8141806529.839,8141806543.960,8141809628.208,1631.553,3098.369,1466.816,14.121,1452.695,6901.631,0,0.000,1,4,48,0
3968,8141820695.100,8141820715.202,8141822297.083,1581.480,1601.983,20.503,20.102,0.401,8398.017,0,0.000,0,4,48,0
3969,8141832941.196,8141832960.854,8141834574.740,1613.456,1633.544,20.088,19.658,0.430,8366.456,0,0.000,0,4,48,0
3970,8141842821.604,8141842841.123,8141844479.627,1638.086,1658.023,19.937,19.519,0.418,8341.977,0,0.000,0,4,48,0
3971,8141850226.785,8141850246.787,8141853638.898,1557.379,3412.113,1854.734,20.002,1834.732,6587.887,0,0.000,1,4,48,0
3972,8141856994.956,8141857011.760,8141863455.793,1606.013,6460.837,4854.824,16.804,4838.020,3539.163,0,0.000,1,4,48,0
3973,8141863415.652,8141863459.962,8141872837.349,1481.232,9421.697,7940.465,44.310,7896.155,578.303,0,0.000,1,4,48,0
3974,8141875077.879,8141875096.908,8141876574.551,1477.233,1496.672,19.439,19.029,0.410,8503.328,0,0.000,0,4,48,0
3975,8141883152.627,8141883167.624,8141884673.730,1505.702,1521.103,15.401,14.997,0.404,8478.897,0,0.000,0,4,48,0
3976,8141891502.706,8141891516.868,8141892975.666,1458.316,1472.960,14.644,14.162,0.482,8527.040,0,0.000,0,4,48,0
3977,8141900448.144,8141900469.526,8141902037.025,1567.108,1588.881,21.773,21.382,0.391,8411.119,0,0.000,0,4,48,0
3978,8141905914.802,8141905936.137,8141910942.846,1555.772,5028.044,3472.272,21.335,3450.937,4971.956,0,0.000,1,4,48,0
3979,8141911188.843,8141911202.357,8141920463.415,1528.755,9274.572,7745.817,13.514,7732.303,725.428,0,0.000,1,4,48,0
3980,8141926287.576,8141926306.671,8141927873.478,1566.382,1585.902,19.520,19.095,0.425,8414.098,0,0.000,0,4,48,0
3981,8141931858.903,8141931875.175,8141936674.841,1507.907,4815.938,3308.031,16.272,3291.759,5184.062,0,0.000,1,4,48,0
3982,8141943562.001,8141943580.962,8141945140.489,1559.059,1578.488,19.429,18.961,0.468,8421.512,0,0.000,0,4,48,0
3983,8141949562.939,8141949582.362,8141954674.132,1510.617,5111.193,3600.576,19.423,3581.153,4888.807,0,0.000,1,4,48,0
3984,8141959315.368,8141959338.552,8141960936.029,1596.865,1620.661,23.796,23.184,0.612,8379.339,0,0.000,0,4,48,0
3985,8141970677.158,8141970697.495,8141972254.686,1556.611,1577.528,20.917,20.337,0.580,8422.472,0,0.000,0,4,48,0
3986,8141977898.866,8141977921.570,8141981167.129,1564.376,3268.263,1703.887,22.704,1681.183,6731.737,0,0.000,1,4,48,0
3987,8141983262.374,8141983283.456,8141990693.671,1453.183,7431.297,5978.114,21.082,5957.032,2568.703,0,0.000,1,4,48,0
3988,8141995683.302,8141995702.299,8141997211.677,1508.965,1528.375,19.410,18.997,0.413,8471.625,0,0.000,0,4,48,0
3989,8142002538.405,8142002560.136,8142005915.829,1668.400,3377.424,1709.024,21.731,1687.293,6622.576,0,0.000,1,4,48,0
3990,8142017483.671,8142017505.223,8142018980.317,1474.643,1496.646,22.003,21.552,0.451,8503.354,0,0.000,0,4,48,0
3991,8142024451.394,8142024466.670,8142028543.089,1588.798,4091.695,2502.897,15.276,2487.621,5908.305,0,0.000,1,4,48,0
3992,8142033400.177,8142033420.508,8142034979.916,1558.966,1579.739,20.773,20.331,0.442,8420.261,0,0.000,0,4,48,0
3993,8142043467.289,8142043487.618,8142044987.846,1499.787,1520.557,20.770,20.329,0.441,8479.443,0,0.000,0,4,48,0
3994,8142055883.997,8142055904.000,8142057403.407,1498.993,1519.410,20.417,20.003,0.414,8480.590,0,0.000,0,4,48,0
3995,8142061712.117,8142061726.425,8142066139.755,1524.222,4427.638,2903.416,14.308,2889.108,5572.362,0,0.000,1,4,48,0
3996,8142074304.849,8142074324.391,8142075940.114,1615.311,1635.265,19.954,19.542,0.412,8364.735,0,0.000,0,4,48,0
3997,8142080909.665,8142080940.527,8142084780.512,1530.228,3870.847,2340.619,30.862,2309.757,6129.153,0,0.000,1,4,48,0
3998,8142089062.440,8142089076.946,8142094990.444,1602.948,5928.004,4325.056,14.506,4310.550,4071.996,0,0.000,1,4,48,0
3999,8142100560.027,8142100579.908,8142102186.460,1606.119,1626.433,20.314,19.881,0.433,8373.567,0,0.000,0,4,48,0
4000,8142106447.798,8142106462.432,8142111459.107,1416.974,5011.309,3594.335,14.634,3579.701,4988.691,0,0.000,1,4,48,0
4001,8142119216.936,8142119236.226,8142120822.386,1585.621,1605.450,19.829,19.290,0.539,8394.550,0,0.000,0,4,48,0
4002,8142124673.567,8142124694.839,8142129466.300,1550.309,4792.733,3242.424,21.272,3221.152,5207.267,0,0.000,1,4,48,0
4003,8142139195.606,8142139216.250,8142140733.984,1517.217,1538.378,21.161,20.644,0.517,8461.622,0,0.000,0,4,48,0
4004,8142146202.483,8142146218.993,8142149960.415,1541.853,3757.932,2216.079,16.510,2199.569,6242.068,0,0.000,1,4,48,0
4005,8142160956.854,8142160977.175,8142162472.764,1495.174,1515.910,20.736,20.321,0.415,8484.090,0,0.000,0,4,48,0
4006,8142166368.360,8142166385.960,8142171820.750,1468.102,5452.390,3984.288,17.600,3966.688,4547.610,0,0.000,1,4,48,0
4007,8142174517.477,8142174535.798,8142181038.219,1542.400,6520.742,4978.342,18.321,4960.021,3479.258,0,0.000,1,4,48,0
4008,8142183198.041,8142183212.742,8142190983.143,1556.920,7785.102,6228.182,14.701,6213.481,2214.898,0,0.000,1,4,48,0
4009,8142197974.095,8142197994.425,8142199529.300,1534.347,1555.205,20.858,20.330,0.528,8444.795,0,0.000,0,4,48,0
4010,8142211213.517,8142211235.108,8142212819.979,1584.473,1606.462,21.989,21.591,0.398,8393.538,0,0.000,0,4,48,0
4011,8142218759.800,8142218775.580,8142221488.899,1496.243,2729.099,1232.856,15.780,1217.076,7270.901,0,0.000,1,4,48,0
4012,8142228102.320,8142228116.188,8142229644.480,1527.870,1542.160,14.290,13.868,0.422,8457.840,0,0.000,0,4,48,0
4013,8142241819.052,8142241838.614,8142243398.833,1559.794,1579.781,19.987,19.562,0.425,8420.219,0,0.000,0,4,48,0
4014,8142255673.247,8142255692.719,8142257277.250,1584.127,1604.003,19.876,19.472,0.404,8395.997,0,0.000,0,4,48,0
4015,8142261459.935,8142261476.611,8142266694.316,1540.412,5234.381,3693.969,16.676,3677.293,4765.619,0,0.000,1,4,48,0
4016,8142271128.559,8142271143.150,8142276440.011,1620.646,5311.452,3690.806,14.591,3676.215,4688.548,0,0.000,1,4,48,0
4017,8142283935.519,8142283954.404,8142285492.840,1538.026,1557.321,19.295,18.885,0.410,8442.679,0,0.000,0,4,48,0
4018,8142294605.608,8142294624.348,8142296184.880,1560.132,1579.272,19.140,18.740,0.400,8420.728,0,0.000,0,4,48,0
4019,8142300684.102,8142300698.556,8142304817.564,1509.229,4133.462,2624.233,14.454,2609.779,5866.538,0,0.000,1,4,48,0
4020,8142311286.270,8142311305.540,8142312867.367,1561.412,1581.097,19.685,19.270,0.415,8418.903,0,0.000,0,4,48,0
4021,8142325816.939,8142325835.926,8142327365.298,1528.950,1548.359,19.409,18.987,0.422,8451.641,0,0.000,0,4,48,0
4022,8142339477.683,8142339499.099,8142341078.010,1578.468,1600.327,21.859,21.416,0.443,8399.673,0,0.000,0,4,48,0
4023,8142347751.027,8142347765.565,8142349309.449,1543.434,1558.422,14.988,14.538,0.450,8441.578,0,0.000,0,4,48,0
4024,8142359096.386,8142359116.189,8142360721.973,1605.322,1625.587,20.265,19.803,0.462,8374.413,0,0.000,0,4,48,0
4025,8142369902.458,8142369916.363,8142371408.461,1491.637,1506.003,14.366,13.905,0.461,8493.997,0,0.000,0,4,48,0
4026,8142375971.953,8142375991.277,8142380439.472,1543.420,4467.519,2924.099,19.324,2904.775,5532.481,0,0.000,1,4,48,0
4027,8142389519.342,8142389538.476,8142391111.237,1572.353,1591.895,19.542,19.134,0.408,8408.105,0,0.000,0,4,48,0
4028,8142404448.900,8142404470.929,8142405998.555,1527.126,1549.655,22.529,22.029,0.500,8450.345,0,0.000,0,4,48,0
4029,8142412417.427,8142412435.839,8142413880.219,1443.947,1462.792,18.845,18.412,0.433,8537.208,0,0.000,0,4,48,0
4030,8142419866.154,8142419879.702,8142421449.895,1569.763,1583.741,13.978,13.548,0.430,8416.259,0,0.000,0,4,48,0
4031,8142425789.103,8142425804.412,8142430218.238,1545.603,4429.135,2883.532,15.309,2868.223,5570.865,0,0.000,1,4,48,0
4032,8142440810.208,8142440837.165,8142442366.652,1528.609,1556.444,27.835,26.957,0.878,8443.556,0,0.000,0,4,48,0
4033,8142447322.228,8142447339.865,8142451736.206,1581.444,4413.978,2832.534,17.637,2814.897,5586.022,0,0.000,1,4,48,0
4034,8142457612.054,8142457649.397,8142459169.475,1519.148,1557.421,38.273,37.343,0.930,8442.579,0,0.000,0,4,48,0
4035,8142467441.017,8142467466.326,8142469102.794,1636.013,1661.777,25.764,25.309,0.455,8338.223,0,0.000,0,4,48,0
4036,8142476113.938,8142476128.609,8142477640.190,1511.068,1526.252,15.184,14.671,0.513,8473.748,0,0.000,0,4,48,0
4037,8142489849.848,8142489870.135,8142491491.164,1620.611,1641.316,20.705,20.287,0.418,8358.684,0,0.000,0,4,48,0
4038,8142504185.042,8142504205.138,8142505726.979,1521.333,1541.937,20.604,20.096,0.508,8458.063,0,0.000,0,4,48,0
4039,8142516287.472,8142516306.637,8142517722.180,1414.923,1434.708,19.785,19.165,0.620,8565.292,0,0.000,0,4,48,0
4040,8142522094.573,8142522115.085,8142526910.113,1502.069,4815.540,3313.471,20.512,3292.959,5184.460,0,0.000,1,4,48,0
4041,8142529899.357,8142529913.201,8142536732.477,1522.668,6833.120,5310.452,13.844,5296.608,3166.880,0,0.000,1,4,48,0
4042,8142541099.124,8142541118.076,8142542637.160,1518.669,1538.036,19.367,18.952,0.415,8461.964,0,0.000,0,4,48,0
4043,8142546274.471,8142546292.425,8142551911.195,1516.781,5636.724,4119.943,17.954,4101.989,4363.276,0,0.000,1,4,48,0
4044,8142557759.247,8142557778.299,8142559220.811,1442.029,1461.564,19.535,19.052,0.483,8538.436,0,0.000,0,4,48,0
4045,8142568025.984,8142568041.242,8142569558.654,1516.981,1532.670,15.689,15.258,0.431,8467.330,0,0.000,0,4,48,0
4046,8142574774.846,8142574794.554,8142578391.789,1568.433,3616.943,2048.510,19.708,2028.802,6383.057,0,0.000,1,4,48,0
4047,8142579848.584,8142579869.815,8142588476.062,1561.113,8627.478,7066.365,21.231,7045.134,1372.522,0,0.000,1,4,48,0
4048,8142587828.222,8142588480.415,8142598055.770,1490.159,10227.548,8737.389,652.193,8085.196,-227.548,1,227.548,1,4,48,0
4049,8142594321.683,8142598060.463,8142599691.140,1629.913,5369.457,3739.544,3738.780,0.764,4630.543,0,0.000,0,4,48,0
4050,8142599485.846,8142599695.208,8142609261.275,1523.952,9775.429,8251.477,209.362,8042.115,224.571,0,0.000,1,4,48,0
4051,8142608353.330,8142609265.445,8142618814.006,1506.674,10460.676,8954.002,912.115,8041.887,-460.676,1,460.676,1,4,48,0
4052,8142622292.160,8142622322.210,8142628040.748,1507.883,5748.588,4240.705,30.050,4210.655,4251.412,0,0.000,1,4,48,0
4053,8142633985.386,8142634013.839,8142635599.426,1585.146,1614.040,28.894,28.453,0.441,8385.960,0,0.000,0,4,48,0
4054,8142646508.600,8142646527.821,8142648042.158,1513.833,1533.558,19.725,19.221,0.504,8466.442,0,0.000,0,4,48,0
4055,8142655660.170,8142655676.862,8142657150.474,1473.042,1490.304,17.262,16.692,0.570,8509.696,0,0.000,0,4,48,0
4056,8142664561.635,8142664575.434,8142666129.246,1553.408,1567.611,14.203,13.799,0.404,8432.389,0,0.000,0,4,48,0
4057,8142679255.855,8142679274.767,8142680758.911,1483.728,1503.056,19.328,18.912,0.416,8496.944,0,0.000,0,4,48,0
4058,8142686913.793,8142686933.695,8142688404.957,1470.758,1491.164,20.406,19.902,0.504,8508.836,0,0.000,0,4,48,0
4059,8142694115.364,8142694133.478,8142697574.213,1524.524,3458.849,1934.325,18.114,1916.211,6541.151,0,0.000,1,4,48,0
4060,8142704862.265,8142704875.538,8142706408.913,1532.964,1546.648,13.684,13.273,0.411,8453.352,0,0.000,0,4,48,0
4061,8142713692.219,8142713711.152,8142715275.809,1564.183,1583.590,19.407,18.933,0.474,8416.410,0,0.000,0,4,48,0
4062,8142723805.471,8142723822.143,8142725384.410,1561.824,1578.939,17.115,16.672,0.443,8421.061,0,0.000,0,4,48,0
4063,8142736384.582,8142736405.163,8142737964.612,1558.867,1580.030,21.163,20.581,0.582,8419.970,0,0.000,0,4,48,0
4064,8142742853.743,8142742879.051,8142746856.828,1586.329,4003.085,2416.756,25.308,2391.448,5996.915,0,0.000,1,4,48,0
4065,8142754467.091,8142754487.389,8142756050.474,1562.563,1583.383,20.820,20.298,0.522,8416.617,0,0.000,0,4,48,0
4066,8142767114.015,8142767133.134,8142768771.353,1637.718,1657.338,19.620,19.119,0.501,8342.662,0,0.000,0,4,48,0
4067,8142772665.737,8142772686.549,8142777366.718,1559.608,4700.981,3141.373,20.812,3120.561,5299.019,0,0.000,1,4,48,0
4068,8142780005.282,8142780021.239,8142787673.148,1532.189,7667.866,6135.677,15.957,6119.720,2332.134,0,0.000,1,4,48,0
4069,8142794669.178,8142794688.421,8142796347.059,1658.229,1677.881,19.652,19.243,0.409,8322.119,0,0.000,0,4,48,0
4070,8142801720.779,8142801741.162,8142804979.582,1566.443,3258.803,1692.360,20.383,1671.977,6741.197,0,0.000,1,4,48,0
4071,8142815927.236,8142815946.670,8142817508.081,1561.006,1580.845,19.839,19.434,0.405,8419.155,0,0.000,0,4,48,0
4072,8142827569.555,8142827588.933,8142829109.505,1520.165,1539.950,19.785,19.378,0.407,8460.050,0,0.000,0,4,48,0
4073,8142839827.774,8142839848.025,8142841465.547,1617.100,1637.773,20.673,20.251,0.422,8362.227,0,0.000,0,4,48,0
4074,8142848619.316,8142848634.325,8142850260.637,1625.901,1641.321,15.420,15.009,0.411,8358.679,0,0.000,0,4,48,0
4075,8142853663.406,8142853677.231,8142858842.150,1528.127,5178.744,3650.617,13.825,3636.792,4821.256,0,0.000,1,4,48,0
4076,8142865938.247,8142865957.090,8142867505.788,1548.292,1567.541,19.249,18.843,0.406,8432.459,0,0.000,0,4,48,0
4077,8142871449.043,8142871463.864,8142877036.758,1628.971,5587.715,3958.744,14.821,3943.923,4412.285,0,0.000,1,4,48,0
4078,8142883479.753,8142883498.476,8142884945.870,1446.973,1466.117,19.144,18.723,0.421,8533.883,0,0.000,0,4,48,0
4079,8142896135.785,8142896155.113,8142897719.467,1563.938,1583.682,19.744,19.328,0.416,8416.318,0,0.000,0,4,48,0
4080,8142906857.832,8142906871.487,8142908432.285,1560.386,1574.453,14.067,13.655,0.412,8425.547,0,0.000,0,4,48,0
4081,8142917445.207,8142917466.401,8142918896.085,1429.277,1450.878,21.601,21.194,0.407,8549.122,0,0.000,0,4,48,0
4082,8142928852.455,8142928872.200,8142930475.062,1602.378,1622.607,20.229,19.745,0.484,8377.393,0,0.000,0,4,48,0
4083,8142941775.940,8142941794.956,8142943397.769,1602.394,1621.829,19.435,19.016,0.419,8378.171,0,0.000,0,4,48,0
4084,8142950912.811,8142950929.669,8142952479.618,1549.373,1566.807,17.434,16.858,0.576,8433.193,0,0.000,0,4,48,0
4085,8142959678.954,8142959692.989,8142961257.417,1564.012,1578.463,14.451,14.035,0.416,8421.537,0,0.000,0,4,48,0
4086,8142972873.610,8142972892.601,8142974446.783,1553.766,1573.173,19.407,18.991,0.416,8426.827,0,0.000,0,4,48,0
4087,8142985089.369,8142985110.369,8142986636.833,1526.034,1547.464,21.430,21.000,0.430,8452.536,0,0.000,0,4,48,0
4088,8142994514.975,8142994536.458,8142996053.359,1516.491,1538.384,21.893,21.483,0.410,8461.616,0,0.000,0,4,48,0
4089,8143007618.277,8143007638.096,8143009246.511,1608.018,1628.234,20.216,19.819,0.397,8371.766,0,0.000,0,4,48,0
4090,8143019362.660,8143019382.088,8143020970.872,1588.283,1608.212,19.929,19.428,0.501,8391.788,0,0.000,0,4,48,0
4091,8143029058.641,8143029073.657,8143030662.226,1588.148,1603.585,15.437,15.016,0.421,8396.415,0,0.000,0,4,48,0
4092,8143035837.853,8143035859.042,8143039459.522,1537.860,3621.669,2083.809,21.189,2062.620,6378.331,0,0.000,1,4,48,0
4093,8143050645.208,8143050669.339,8143052295.330,1625.417,1650.122,24.705,24.131,0.574,8349.878,0,0.000,0,4,48,0
4094,8143060486.764,8143060507.243,8143062067.608,1559.890,1580.844,20.954,20.479,0.475,8419.156,0,0.000,0,4,48,0
4095,8143065681.855,8143065701.065,8143070858.535,1652.118,5176.680,3524.562,19.210,3505.352,4823.320,0,0.000,1,4,48,0
4096,8143079050.564,8143079071.497,8143080662.671,1590.371,1612.107,21.736,20.933,0.803,8387.893,0,0.000,0,4,48,0
4097,8143087213.182,8143087231.241,8143088716.329,1484.526,1503.147,18.621,18.059,0.562,8496.853,0,0.000,0,4,48,0
4098,8143101403.715,8143101423.734,8143102932.894,1508.720,1529.179,20.459,20.019,0.440,8470.821,0,0.000,0,4,48,0
4099,8143107526.183,8143107541.182,8143112505.223,1539.932,4979.040,3439.108,14.999,3424.109,5020.960,0,0.000,1,4,48,0
4100,8143121709.692,8143121729.061,8143123281.488,1551.908,1571.796,19.888,19.369,0.519,8428.204,0,0.000,0,4,48,0
4101,8143135534.217,8143135553.624,8143137144.240,1590.187,1610.023,19.836,19.407,0.429,8389.977,0,0.000,0,4,48,0
4102,8143144090.545,8143144105.824,8143145659.086,1552.864,1568.541,15.677,15.279,0.398,8431.459,0,0.000,0,4,48,0
4103,8143153111.908,8143153126.134,8143154649.442,1522.879,1537.534,14.655,14.226,0.429,8462.466,0,0.000,0,4,48,0
4104,8143160728.428,8143160749.287,8143163343.056,1478.688,2614.628,1135.940,20.859,1115.081,7385.372,0,0.000,1,4,48,0
4105,8143167926.333,8143167947.878,8143173549.161,1487.236,5622.828,4135.592,21.545,4114.047,4377.172,0,0.000,1,4,48,0
4106,8143176360.053,8143176376.524,8143177960.986,1583.950,1600.933,16.983,16.471,0.512,8399.067,0,0.000,0,4,48,0
4107,8143188197.857,8143188217.301,8143189671.499,1453.769,1473.642,19.873,19.444,0.429,8526.358,0,0.000,0,4,48,0
4108,8143197599.445,8143197616.513,8143199184.982,1567.961,1585.537,17.576,17.068,0.508,8414.463,0,0.000,0,4,48,0
4109,8143208471.786,8143208490.958,8143210029.132,1537.771,1557.346,19.575,19.172,0.403,8442.654,0,0.000,0,4,48,0
4110,8143214681.141,8143214701.296,8143218725.589,1548.017,4044.448,2496.431,20.155,2476.276,5955.552,0,0.000,1,4,48,0
4111,8143221531.799,8143221552.722,8143228521.227,1483.877,6989.428,5505.551,20.923,5484.628,3010.572,0,0.000,1,4,48,0
4112,8143230895.657,8143230910.143,8143238493.959,1527.318,7598.302,6070.984,14.486,6056.498,2401.698,0,0.000,1,4,48,0
4113,8143238732.144,8143238745.045,8143240318.569,1572.927,1586.425,13.498,12.901,0.597,8413.575,0,0.000,0,4,48,0
4114,8143253487.017,8143253507.755,8143255068.390,1560.133,1581.373,21.240,20.738,0.502,8418.627,0,0.000,0,4,48,0
4115,8143267689.197,8143267709.011,8143269226.736,1517.317,1537.539,20.222,19.814,0.408,8462.461,0,0.000,0,4,48,0
4116,8143275853.657,8143275868.215,8143277432.372,1563.570,1578.715,15.145,14.558,0.587,8421.285,0,0.000,0,4,48,0
4117,8143284581.166,8143284595.789,8143286151.625,1555.428,1570.459,15.031,14.623,0.408,8429.541,0,0.000,0,4,48,0
4118,8143296453.517,8143296475.176,8143297979.053,1503.455,1525.536,22.081,21.659,0.422,8474.464,0,0.000,0,4,48,0
4119,8143308884.472,8143308903.562,8143310432.794,1528.847,1548.322,19.475,19.090,0.385,8451.678,0,0.000,0,4,48,0
4120,8143319226.449,8143319245.330,8143320814.772,1569.024,1588.323,19.299,18.881,0.418,8411.677,0,0.000,0,4,48,0
4121,8143325884.420,8143325899.979,8143329683.296,1551.091,3798.876,2247.785,15.559,2232.226,6201.124,0,0.000,1,4,48,0
4122,8143340986.298,8143341008.731,8143342581.663,1572.442,1595.365,22.923,22.433,0.490,8404.635,0,0.000,0,4,48,0
4123,8143350457.888,8143350472.094,8143351949.676,1477.166,1491.788,14.622,14.206,0.416,8508.212,0,0.000,0,4,48,0
4124,8143358872.413,8143358887.574,8143360384.638,1496.515,1512.225,15.710,15.161,0.549,8487.775,0,0.000,0,4,48,0
4125,8143364374.370,8143364389.059,8143369822.355,1557.871,5447.985,3890.114,14.689,3875.425,4552.015,0,0.000,1,4,48,0
4126,8143377287.278,8143377307.062,8143378827.743,1520.268,1540.465,20.197,19.784,0.413,8459.535,0,0.000,0,4,48,0
4127,8143390824.285,8143390843.416,8143392350.335,1506.520,1526.050,19.530,19.131,0.399,8473.950,0,0.000,0,4,48,0
4128,8143402220.494,8143402239.244,8143403770.534,1530.807,1550.040,19.233,18.750,0.483,8449.960,0,0.000,0,4,48,0
4129,8143411161.990,8143411181.484,8143412782.525,1600.642,1620.535,19.893,19.494,0.399,8379.465,0,0.000,0,4,48,0
4130,8143422905.975,8143422927.890,8143424531.729,1603.404,1625.754,22.350,21.915,0.435,8374.246,0,0.000,0,4,48,0
4131,8143429671.653,8143429692.096,8143433126.957,1525.685,3455.304,1929.619,20.443,1909.176,6544.696,0,0.000,1,4,48,0
4132,8143435424.659,8143435438.702,8143442923.405,1549.923,7498.746,5948.823,14.043,5934.780,2501.254,0,0.000,1,4,48,0
4133,8143443236.206,8143443249.784,8143452923.451,1635.184,9687.245,8052.061,13.578,8038.483,312.755,0,0.000,1,4,48,0
4134,8143453895.084,8143453910.142,8143455437.177,1526.594,1542.093,15.499,15.058,0.441,8457.907,0,0.000,0,4,48,0
4135,8143466589.558,8143466609.207,8143468183.543,1573.913,1593.985,20.072,19.649,0.423,8406.015,0,0.000,0,4,48,0
4136,8143479163.536,8143479182.821,8143480809.545,1626.277,1646.009,19.732,19.285,0.447,8353.991,0,0.000,0,4,48,0
4137,8143493015.865,8143493036.140,8143494518.912,1482.353,1503.047,20.694,20.275,0.419,8496.953,0,0.000,0,4,48,0
4138,8143507650.066,8143507669.139,8143509221.255,1551.712,1571.189,19.477,19.073,0.404,8428.811,0,0.000,0,4,48,0
4139,8143518361.186,8143518379.977,8143519894.671,1514.286,1533.485,19.199,18.791,0.408,8466.515,0,0.000,0,4,48,0
4140,8143532165.140,8143532184.256,8143533703.941,1519.286,1538.801,19.515,19.116,0.399,8461.199,0,0.000,0,4,48,0
4141,8143544657.584,8143544677.211,8143546125.332,1447.697,1467.748,20.051,19.627,0.424,8532.252,0,0.000,0,4,48,0
4142,8143551978.315,8143551998.990,8143555277.202,1615.691,3298.887,1683.196,20.675,1662.521,6701.113,0,0.000,1,4,48,0
4143,8143560142.668,8143560163.505,8143564675.063,1537.961,4532.395,2994.434,20.837,2973.597,5467.605,0,0.000,1,4,48,0
4144,8143567250.793,8143567271.717,8143574673.653,1604.960,7422.860,5817.900,20.924,5796.976,2577.140,0,0.000,1,4,48,0
4145,8143579648.764,8143579668.608,8143581217.289,1548.135,1568.525,20.390,19.844,0.546,8431.475,0,0.000,0,4,48,0
4146,8143593891.109,8143593910.564,8143595389.022,1478.033,1497.913,19.880,19.455,0.425,8502.087,0,0.000,0,4,48,0
4147,8143607980.947,8143608000.022,8143609563.945,1555.384,1582.998,27.614,19.075,8.539,8417.002,0,0.000,0,4,48,0
4148,8143621691.596,8143621712.056,8143623284.538,1572.086,1592.942,20.856,20.460,0.396,8407.058,0,0.000,0,4,48,0
4149,8143628783.710,8143628798.482,8143632085.442,1591.002,3301.732,1710.730,14.772,1695.958,6698.268,0,0.000,1,4,48,0
4150,8143643912.982,8143643932.310,8143645520.770,1588.025,1607.788,19.763,19.328,0.435,8392.212,0,0.000,0,4,48,0
4151,8143657409.281,8143657432.988,8143658936.015,1502.176,1526.734,24.558,23.707,0.851,8473.266,0,0.000,0,4,48,0
4152,8143665979.064,8143665993.998,8143667534.416,1539.899,1555.352,15.453,14.934,0.519,8444.648,0,0.000,0,4,48,0
4153,8143676771.727,8143676791.730,8143678379.805,1587.568,1608.078,20.510,20.003,0.507,8391.922,0,0.000,0,4,48,0
4154,8143683207.130,8143683223.622,8143687489.329,1489.133,4282.199,2793.066,16.492,2776.574,5717.801,0,0.000,1,4,48,0
4155,8143695050.551,8143695069.638,8143696650.393,1580.317,1599.842,19.525,19.087,0.438,8400.158,0,0.000,0,4,48,0
4156,8143701717.247,8143701736.311,8143705280.367,1488.945,3563.120,2074.175,19.064,2055.111,6436.880,0,0.000,1,4,48,0
4157,8143711884.469,8143711904.157,8143713472.640,1568.074,1588.171,20.097,19.688,0.409,8411.829,0,0.000,0,4,48,0
4158,8143724643.757,8143724662.785,8143726251.741,1588.555,1607.984,19.429,19.028,0.401,8392.016,0,0.000,0,4,48,0
4159,8143739163.440,8143739182.869,8143740707.621,1524.259,1544.181,19.922,19.429,0.493,8455.819,0,0.000,0,4,48,0
4160,8143747545.262,8143747560.399,8143749158.268,1597.450,1613.006,15.556,15.137,0.419,8386.994,0,0.000,0,4,48,0
4161,8143762541.143,8143762560.938,8143764044.011,1482.675,1502.868,20.193,19.795,0.398,8497.132,0,0.000,0,4,48,0
4162,8143775044.391,8143775064.166,8143776564.796,1500.068,1520.405,20.337,19.775,0.562,8479.595,0,0.000,0,4,48,0
4163,8143783277.058,8143783291.278,8143784807.220,1515.456,1530.162,14.706,14.220,0.486,8469.838,0,0.000,0,4,48,0
4164,8143797745.765,8143797765.148,8143799350.565,1585.008,1604.800,19.792,19.383,0.409,8395.200,0,0.000,0,4,48,0
4165,8143812244.952,8143812265.405,8143813836.681,1570.835,1591.729,20.894,20.453,0.441,8408.271,0,0.000,0,4,48,0
4166,8143826663.959,8143826695.172,8143828255.227,1559.646,1591.268,31.622,31.213,0.409,8408.732,0,0.000,0,4,48,0
4167,8143838264.923,8143838284.272,8143839800.276,1515.485,1535.353,19.868,19.349,0.519,8464.647,0,0.000,0,4,48,0
4168,8143848959.782,8143848978.459,8143850552.399,1573.454,1592.617,19.163,18.677,0.486,8407.383,0,0.000,0,4,48,0
4169,8143858233.400,8143858252.399,8143859728.677,1475.793,1495.277,19.484,18.999,0.485,8504.723,0,0.000,0,4,48,0
4170,8143864056.344,8143864070.671,8143868732.718,1424.896,4676.374,3251.478,14.327,3237.151,5323.626,0,0.000,1,4,48,0
4171,8143869198.702,8143869212.479,8143878252.232,1469.611,9053.530,7583.919,13.777,7570.142,946.470,0,0.000,1,4,48,0
4172,8143878030.040,8143878257.387,8143888249.172,1611.140,10219.132,8607.992,227.347,8380.645,-219.132,1,219.132,1,4,48,0
4173,8143889300.797,8143889320.322,8143890902.417,1581.496,1601.620,20.124,19.525,0.599,8398.380,0,0.000,0,4,48,0
4174,8143904138.143,8143904157.131,8143905694.999,1537.456,1556.856,19.400,18.988,0.412,8443.144,0,0.000,0,4,48,0
4175,8143909760.962,8143909775.817,8143914524.790,1606.640,4763.828,3157.188,14.855,3142.333,5236.172,0,0.000,1,4,48,0
4176,8143924423.254,8143924442.028,8143925947.003,1504.498,1523.749,19.251,18.774,0.477,8476.251,0,0.000,0,4,48,0
4177,8143934617.112,8143934632.064,8143936198.030,1565.450,1580.918,15.468,14.952,0.516,8419.082,0,0.000,0,4,48,0
4178,8143948580.306,8143948602.070,8143950121.208,1518.728,1540.902,22.174,21.764,0.410,8459.098,0,0.000,0,4,48,0
4179,8143960549.455,8143960568.926,8143962146.443,1577.015,1596.988,19.973,19.471,0.502,8403.012,0,0.000,0,4,48,0
4180,8143973369.739,8143973388.990,8143974896.401,1507.001,1526.662,19.661,19.251,0.410,8473.338,0,0.000,0,4,48,0
4181,8143980189.114,8143980207.958,8143984161.180,1577.482,3972.066,2394.584,18.844,2375.740,6027.934,0,0.000,1,4,48,0
4182,8143994761.260,8143994780.660,8143996317.752,1536.697,1556.492,19.795,19.400,0.395,8443.508,0,0.000,0,4,48,0
4183,8144000950.789,8144000973.273,8144005248.081,1508.660,4297.292,2788.632,22.484,2766.148,5702.708,0,0.000,1,4,48,0
4184,8144013581.823,8144013603.037,8144015137.784,1534.327,1555.961,21.634,21.214,0.420,8444.039,0,0.000,0,4,48,0
4185,8144019928.093,8144019942.532,8144024076.737,1548.235,4148.644,2600.409,14.439,2585.970,5851.356,0,0.000,1,4,48,0
4186,8144034308.063,8144034328.235,8144035896.558,1567.875,1588.495,20.620,20.172,0.448,8411.505,0,0.000,0,4,48,0
4187,8144049135.195,8144049155.133,8144050640.705,1485.167,1505.510,20.343,19.938,0.405,8494.490,0,0.000,0,4,48,0
4188,8144054529.642,8144054544.907,8144059242.093,1558.098,4712.451,3154.353,15.265,3139.088,5287.549,0,0.000,1,4,48,0
4189,8144067781.274,8144067800.150,8144069323.361,1522.792,1542.087,19.295,18.876,0.419,8457.913,0,0.000,0,4,48,0
4190,8144074200.623,8144074219.333,8144078598.678,1593.675,4398.055,2804.380,18.710,2785.670,5601.945,0,0.000,1,4,48,0
4191,8144082807.107,8144082829.901,8144088128.039,1509.586,5320.932,3811.346,22.794,3788.552,4679.068,0,0.000,1,4,48,0
4192,8144097652.163,8144097672.860,8144099212.928,1539.600,1560.765,21.165,20.697,0.468,8439.235,0,0.000,0,4,48,0
4193,8144108945.853,8144108965.365,8144110541.436,1575.643,1595.583,19.940,19.512,0.428,8404.417,0,0.000,0,4,48,0
4194,8144118415.864,8144118429.931,8144119934.375,1504.027,1518.511,14.484,14.067,0.417,8481.489,0,0.000,0,4,48,0
4195,8144130316.290,8144130335.697,8144131917.475,1581.290,1601.185,19.895,19.407,0.488,8398.815,0,0.000,0,4,48,0
4196,8144137311.866,8144137327.723,8144141217.861,1570.231,3905.995,2335.764,15.857,2319.907,6094.005,0,0.000,1,4,48,0
4197,8144150376.622,8144150396.798,8144151930.248,1533.034,1553.626,20.592,20.176,0.416,8446.374,0,0.000,0,4,48,0
4198,8144164127.991,8144164147.619,8144165664.137,1516.022,1536.146,20.124,19.628,0.496,8463.854,0,0.000,0,4,48,0
4199,8144174631.312,8144174650.997,8144176196.748,1545.348,1565.436,20.088,19.685,0.403,8434.564,0,0.000,0,4,48,0
4200,8144187741.279,8144187762.095,8144189379.899,1617.308,1638.620,21.312,20.816,0.496,8361.380,0,0.000,0,4,48,0
4201,8144197281.481,8144197300.840,8144198847.843,1546.552,1566.362,19.810,19.359,0.451,8433.638,0,0.000,0,4,48,0
4202,8144211014.556,8144211033.281,8144212543.450,1509.742,1528.894,19.152,18.725,0.427,8471.106,0,0.000,0,4,48,0
4203,8144219197.446,8144219211.070,8144220783.998,1572.522,1586.552,14.030,13.624,0.406,8413.448,0,0.000,0,4,48,0
4204,8144226104.370,8144226117.816,8144229837.772,1520.430,3733.402,2212.972,13.446,2199.526,6266.598,0,0.000,1,4,48,0
4205,8144238173.733,8144238201.269,8144239794.674,1592.500,1620.941,28.441,27.536,0.905,8379.059,0,0.000,0,4,48,0
4206,8144246011.164,8144246028.304,8144248672.722,1459.546,2661.558,1202.012,17.140,1184.872,7338.442,0,0.000,1,4,48,0
4207,8144256393.129,8144256421.521,8144257977.789,1555.252,1584.660,29.408,28.392,1.016,8415.340,0,0.000,0,4,48,0
4208,8144263017.689,8144263033.432,8144266968.085,1537.365,3950.396,2413.031,15.743,2397.288,6049.604,0,0.000,1,4,48,0
4209,8144276496.649,8144276514.949,8144278100.782,1585.178,1604.133,18.955,18.300,0.655,8395.867,0,0.000,0,4,48,0
4210,8144282598.363,8144282618.644,8144287722.723,1605.724,5124.360,3518.636,20.281,3498.355,4875.640,0,0.000,1,4,48,0
4211,8144297371.343,8144297397.596,8144299059.402,1661.008,1688.059,27.051,26.253,0.798,8311.941,0,0.000,0,4,48,0
4212,8144308358.244,8144308373.381,8144309941.278,1567.395,1583.034,15.639,15.137,0.502,8416.966,0,0.000,0,4,48,0
4213,8144317417.280,8144317437.074,8144318920.412,1482.854,1503.132,20.278,19.794,0.484,8496.868,0,0.000,0,4,48,0
4214,8144324934.869,8144324954.206,8144327975.001,1598.359,3040.132,1441.773,19.337,1422.436,6959.868,0,0.000,1,4,48,0
4215,8144333701.933,8144333717.810,8144335256.582,1538.188,1554.649,16.461,15.877,0.584,8445.351,0,0.000,0,4,48,0
4216,8144346708.391,8144346729.251,8144348318.558,1588.808,1610.167,21.359,20.860,0.499,8389.833,0,0.000,0,4,48,0
4217,8144354522.934,8144354539.598,8144357821.313,1570.391,3298.379,1727.988,16.664,1711.324,6701.621,0,0.000,1,4,48,0
4218,8144367145.029,8144367165.864,8144368717.638,1551.348,1572.609,21.261,20.835,0.426,8427.391,0,0.000,0,4,48,0
4219,8144375994.509,8144376012.685,8144377609.141,1596.036,1614.632,18.596,18.176,0.420,8385.368,0,0.000,0,4,48,0
4220,8144384915.052,8144384929.739,8144386402.040,1471.650,1486.988,15.338,14.687,0.651,8513.012,0,0.000,0,4,48,0
4221,8144396493.306,8144396513.718,8144398065.379,1551.169,1572.073,20.904,20.412,0.492,8427.927,0,0.000,0,4,48,0
4222,8144409017.151,8144409035.983,8144410533.603,1497.229,1516.452,19.223,18.832,0.391,8483.548,0,0.000,0,4,48,0
4223,8144421393.722,8144421407.950,8144422979.059,1570.669,1585.337,14.668,14.228,0.440,8414.663,0,0.000,0,4,48,0
4224,8144428196.699,8144428219.075,8144432139.118,1523.780,3942.419,2418.639,22.376,2396.263,6057.581,0,0.000,1,4,48,0
4225,8144441159.748,8144441179.539,8144442725.620,1545.543,1565.872,20.329,19.791,0.538,8434.128,0,0.000,0,4,48,0
4226,8144447627.339,8144447642.661,8144451345.250,1538.746,3717.911,2179.165,15.322,2163.843,6282.089,0,0.000,1,4,48,0
4227,8144457305.934,8144457320.410,8144458848.771,1527.938,1542.837,14.899,14.476,0.423,8457.163,0,0.000,0,4,48,0
4228,8144471142.202,8144471162.645,8144472731.732,1568.673,1589.530,20.857,20.443,0.414,8410.470,0,0.000,0,4,48,0
4229,8144483458.785,8144483477.910,8144485078.722,1600.390,1619.937,19.547,19.125,0.422,8380.063,0,0.000,0,4,48,0
4230,8144491681.638,8144491695.850,8144493211.322,1515.067,1529.684,14.617,14.212,0.405,8470.316,0,0.000,0,4,48,0
4231,8144500727.946,8144500742.097,8144502310.642,1568.012,1582.696,14.684,14.151,0.533,8417.304,0,0.000,0,4,48,0
4232,8144507279.170,8144507295.002,8144511565.049,1539.269,4285.879,2746.610,15.832,2730.778,5714.121,0,0.000,1,4,48,0
4233,8144519124.077,8144519143.615,8144520656.372,1512.338,1532.295,19.957,19.538,0.419,8467.705,0,0.000,0,4,48,0
4234,8144533696.017,8144533715.848,8144535271.214,1554.949,1575.197,20.248,19.831,0.417,8424.803,0,0.000,0,4,48,0
4235,8144545823.578,8144545843.312,8144547449.629,1605.871,1626.051,20.180,19.734,0.446,8373.949,0,0.000,0,4,48,0
4236,8144555527.961,8144555541.848,8144557129.279,1586.924,1601.318,14.394,13.887,0.507,8398.682,0,0.000,0,4,48,0
4237,8144562858.588,8144562878.682,8144565969.965,1561.001,3111.377,1550.376,20.094,1530.282,6888.623,0,0.000,1,4,48,0
4238,8144572724.048,8144572744.457,8144574258.192,1513.279,1534.144,20.865,20.409,0.456,8465.856,0,0.000,0,4,48,0
4239,8144580205.560,8144580225.644,8144583559.738,1607.850,3354.178,1746.328,20.084,1726.244,6645.822,0,0.000,1,4,48,0
4240,8144594582.525,8144594603.004,8144596157.001,1553.497,1574.476,20.979,20.479,0.500,8425.524,0,0.000,0,4,48,0
4241,8144605189.757,8144605209.267,8144606694.360,1484.593,1504.603,20.010,19.510,0.500,8495.397,0,0.000,0,4,48,0
4242,8144610203.236,8144610218.154,8144615973.297,1546.825,5770.061,4223.236,14.918,4208.318,4229.939,0,0.000,1,4,48,0
4243,8144622864.653,8144622883.519,8144624393.354,1509.417,1528.701,19.284,18.866,0.418,8471.299,0,0.000,0,4,48,0
4244,8144631358.188,8144631372.537,8144632897.688,1524.636,1539.500,14.864,14.349,0.515,8460.500,0,0.000,0,4,48,0
4245,8144637559.380,8144637575.045,8144641423.845,1487.274,3864.465,2377.191,15.665,2361.526,6135.535,0,0.000,1,4,48,0
4246,8144652447.746,8144652467.020,8144653967.740,1500.304,1519.994,19.690,19.274,0.416,8480.006,0,0.000,0,4,48,0
4247,8144663410.916,8144663426.361,8144665043.784,1616.854,1632.868,16.014,15.445,0.569,8367.132,0,0.000,0,4,48,0
4248,8144675343.597,8144675363.203,8144676874.218,1510.609,1530.621,20.012,19.606,0.406,8469.379,0,0.000,0,4,48,0
4249,8144681407.137,8144681424.354,8144686251.374,1479.300,4844.237,3364.937,17.217,3347.720,5155.763,0,0.000,1,4,48,0
4250,8144691613.645,8144691634.055,8144693150.651,1516.179,1537.006,20.827,20.410,0.417,8462.994,0,0.000,0,4,48,0
4251,8144702940.127,8144702962.364,8144704448.949,1486.117,1508.822,22.705,22.237,0.468,8491.178,0,0.000,0,4,48,0
4252,8144717582.791,8144717603.037,8144719123.799,1520.251,1541.008,20.757,20.246,0.511,8458.992,0,0.000,0,4,48,0
4253,8144724512.805,8144724533.547,8144728683.006,1562.777,4170.201,2607.424,20.742,2586.682,5829.799,0,0.000,1,4,48,0
4254,8144737817.600,8144737837.703,8144739525.254,1686.867,1707.654,20.787,20.103,0.684,8292.346,0,0.000,0,4,48,0
4255,8144748436.458,8144748466.358,8144750115.605,1648.089,1679.147,31.058,29.900,1.158,8320.853,0,0.000,0,4,48,0
4256,8144756345.375,8144756361.372,8144759429.864,1627.226,3084.489,1457.263,15.997,1441.266,6915.511,0,0.000,1,4,48,0
4257,8144764667.312,8144764684.205,8144768680.587,1555.405,4013.275,2457.870,16.893,2440.977,5986.725,0,0.000,1,4,48,0
4258,8144771446.665,8144771471.538,8144778460.191,1542.364,7013.526,5471.162,24.873,5446.289,2986.474,0,0.000,1,4,48,0
4259,8144779325.688,8144779346.558,8144788453.723,1517.145,9128.035,7610.890,20.870,7590.020,871.965,0,0.000,1,4,48,0
4260,8144789959.516,8144789972.844,8144791527.302,1554.031,1567.786,13.755,13.328,0.427,8432.214,0,0.000,0,4,48,0
4261,8144802256.941,8144802276.846,8144803886.966,1609.701,1630.025,20.324,19.905,0.419,8369.975,0,0.000,0,4,48,0
4262,8144811289.725,8144811306.197,8144812852.236,1545.550,1562.511,16.961,16.472,0.489,8437.489,0,0.000,0,4,48,0
4263,8144825101.685,8144825123.063,8144826730.030,1606.560,1628.345,21.785,21.378,0.407,8371.655,0,0.000,0,4,48,0
4264,8144832787.914,8144832802.367,8144835459.239,1551.352,2671.325,1119.973,14.453,1105.520,7328.675,0,0.000,1,4,48,0
4265,8144847364.442,8144847384.319,8144848880.972,1496.148,1516.530,20.382,19.877,0.505,8483.470,0,0.000,0,4,48,0
4266,8144861054.288,8144861074.416,8144862635.364,1560.415,1581.076,20.661,20.128,0.533,8418.924,0,0.000,0,4,48,0
4267,8144873659.036,8144873678.591,8144875209.918,1530.935,1550.882,19.947,19.555,0.392,8449.118,0,0.000,0,4,48,0
4268,8144887606.091,8144887628.285,8144889181.587,1552.907,1575.496,22.589,22.194,0.395,8424.504,0,0.000,0,4,48,0
4269,8144900518.168,8144900537.109,8144902046.132,1508.641,1527.964,19.323,18.941,0.382,8472.036,0,0.000,0,4,48,0
4270,8144905874.001,8144905893.847,8144910916.691,1500.329,5042.690,3542.361,19.846,3522.515,4957.310,0,0.000,1,4,48,0
4271,8144920557.850,8144920576.984,8144922183.460,1606.079,1625.610,19.531,19.134,0.397,8374.390,0,0.000,0,4,48,0
4272,8144926038.537,8144926053.139,8144931097.256,1483.101,5058.719,3575.618,14.602,3561.016,4941.281,0,0.000,1,4,48,0
4273,8144932350.310,8144932365.980,8144940589.389,1550.077,8239.079,6689.002,15.670,6673.332,1760.921,0,0.000,1,4,48,0
4274,8144942191.862,8144942212.101,8144950576.574,1576.343,8384.712,6808.369,20.239,6788.130,1615.288,0,0.000,1,4,48,0
4275,8144948730.648,8144950594.408,8144952074.908,1480.094,3344.260,1864.166,1863.760,0.406,6655.740,0,0.000,0,4,48,0
4276,8144955063.938,8144955078.339,8144961246.521,1589.865,6182.583,4592.718,14.401,4578.317,3817.417,0,0.000,1,4,48,0
4277,8144960824.984,8144961250.864,8144971308.765,1488.442,10483.781,8995.339,425.880,8569.459,-483.781,1,483.781,1,4,48,0
4278,8144969577.650,8144971313.389,8144980576.814,1468.391,10999.164,9530.773,1735.739,7795.034,-999.164,1,999.164,1,4,48,0
4279,8144984221.593,8144984242.431,8144985752.182,1509.346,1530.589,21.243,20.838,0.405,8469.411,0,0.000,0,4,48,0
4280,8144996117.445,8144996136.533,8144997625.957,1489.005,1508.512,19.507,19.088,0.419,8491.488,0,0.000,0,4,48,0
4281,8145004347.252,8145004361.386,8145005844.597,1482.807,1497.345,14.538,14.134,0.404,8502.655,0,0.000,0,4,48,0
4282,8145011229.328,8145011245.867,8145015192.241,1594.232,3962.913,2368.681,16.539,2352.142,6037.087,0,0.000,1,4,48,0
4283,8145023346.562,8145023365.854,8145024894.559,1528.110,1547.997,19.887,19.292,0.595,8452.003,0,0.000,0,4,48,0
4284,8145032216.250,8145032235.266,8145033845.582,1609.820,1629.332,19.512,19.016,0.496,8370.668,0,0.000,0,4,48,0
4285,8145042335.050,8145042352.873,8145043865.455,1512.181,1530.405,18.224,17.823,0.401,8469.595,0,0.000,0,4,48,0
4286,8145047816.434,8145047835.243,8145052735.032,1562.821,4918.598,3355.777,18.809,3336.968,5081.402,0,0.000,1,4,48,0
4287,8145057609.585,8145057623.587,8145062469.203,1508.638,4859.618,3350.980,14.002,3336.978,5140.382,0,0.000,1,4,48,0
4288,8145063777.706,8145063796.968,8145072364.942,1524.512,8587.236,7062.724,19.262,7043.462,1412.764,0,0.000,1,4,48,0
4289,8145078200.668,8145078228.033,8145079697.370,1468.322,1496.702,28.380,27.365,1.015,8503.298,0,0.000,0,4,48,0
4290,8145089699.369,8145089736.283,8145091267.366,1529.853,1567.997,38.144,36.914,1.230,8432.003,0,0.000,0,4,48,0
4291,8145100482.757,8145100518.157,8145102152.656,1633.525,1669.899,36.374,35.400,0.974,8330.101,0,0.000,0,4,48,0
4292,8145108511.261,8145108534.987,8145111564.128,1542.104,3052.867,1510.763,23.726,1487.037,6947.133,0,0.000,1,4,48,0
4293,8145114687.365,8145114703.786,8145120799.926,1606.712,6112.561,4505.849,16.421,4489.428,3887.439,0,0.000,1,4,48,0
4294,8145123916.383,8145123930.083,8145130500.797,1467.043,6584.414,5117.371,13.700,5103.671,3415.586,0,0.000,1,4,48,0
4295,8145133278.270,8145133294.830,8145134886.669,1591.362,1608.399,17.037,16.560,0.477,8391.601,0,0.000,0,4,48,0
4296,8145148232.271,8145148253.054,8145149760.164,1506.605,1527.893,21.288,20.783,0.505,8472.107,0,0.000,0,4,48,0
4297,8145153485.697,8145153506.504,8145159264.780,1519.023,5779.083,4260.060,20.807,4239.253,4220.917,0,0.000,1,4,48,0
4298,8145160044.551,8145160058.812,8145168826.106,1524.064,8781.555,7257.491,14.261,7243.230,1218.445,0,0.000,1,4,48,0
4299,8145169740.161,8145169754.029,8145178263.062,1529.184,8522.901,6993.717,13.868,6979.849,1477.099,0,0.000,1,4,48,0
4300,8145177626.391,8145178267.976,8145179779.422,1510.840,2153.031,642.191,641.585,0.606,7846.969,0,0.000,0,4,48,0
4301,8145183006.520,8145183021.357,8145188851.841,1581.360,5845.321,4263.961,14.837,4249.124,4154.679,0,0.000,1,4,48,0
4302,8145188031.775,8145188856.324,8145198578.735,1484.893,10546.960,9062.067,824.549,8237.518,-546.960,1,546.960,1,4,48,0
4303,8145200251.227,8145200271.819,8145208248.323,1537.637,7997.096,6459.459,20.592,6438.867,2002.904,0,0.000,1,4,48,0
4304,8145211349.346,8145211370.889,8145212865.096,1493.716,1515.750,22.034,21.543,0.491,8484.250,0,0.000,0,4,48,0
4305,8145219499.900,8145219513.677,8145221030.477,1516.387,1530.577,14.190,13.777,0.413,8469.423,0,0.000,0,4,48,0
4306,8145226727.895,8145226749.362,8145229854.260,1602.039,3126.365,1524.326,21.467,1502.859,6873.635,0,0.000,1,4,48,0
4307,8145236830.919,8145236846.041,8145238358.949,1512.315,1528.030,15.715,15.122,0.593,8471.970,0,0.000,0,4,48,0
4308,8145249085.106,8145249105.468,8145250633.427,1527.566,1548.321,20.755,20.362,0.393,8451.679,0,0.000,0,4,48,0
4309,8145261248.043,8145261269.917,8145262807.389,1536.948,1559.346,22.398,21.874,0.524,8440.654,0,0.000,0,4,48,0
4310,8145272235.120,8145272254.842,8145273704.512,1449.132,1469.392,20.260,19.722,0.538,8530.608,0,0.000,0,4,48,0
4311,8145278320.067,8145278340.036,8145283108.949,1529.677,4788.882,3259.205,19.969,3239.236,5211.118,0,0.000,1,4,48,0
4312,8145288921.176,8145288941.259,8145290462.260,1520.590,1541.084,20.494,20.083,0.411,8458.916,0,0.000,0,4,48,0
4313,8145296319.660,8145296339.697,8145299900.167,1638.051,3580.507,1942.456,20.037,1922.419,6419.493,0,0.000,1,4,48,0
4314,8145302732.743,8145302746.651,8145309260.354,1590.289,6527.611,4937.322,13.908,4923.414,3472.389,0,0.000,1,4,48,0
4315,8145315631.730,8145315651.147,8145317184.553,1532.984,1552.823,19.839,19.417,0.422,8447.177,0,0.000,0,4,48,0
4316,8145329066.773,8145329088.172,8145330622.996,1534.310,1556.223,21.913,21.399,0.514,8443.777,0,0.000,0,4,48,0
4317,8145335917.920,8145335936.737,8145339625.884,1618.004,3707.964,2089.960,18.817,2071.143,6292.036,0,0.000,1,4,48,0
4318,8145343955.575,8145343970.628,8145349516.312,1473.441,5560.737,4087.296,15.053,4072.243,4439.263,0,0.000,1,4,48,0
4319,8145354093.217,8145354107.094,8145355631.573,1524.006,1538.356,14.350,13.877,0.473,8461.644,0,0.000,0,4,48,0
4320,8145366043.520,8145366063.329,8145367505.719,1441.948,1462.199,20.251,19.809,0.442,8537.801,0,0.000,0,4,48,0
4321,8145378874.036,8145378893.555,8145380399.440,1505.451,1525.404,19.953,19.519,0.434,8474.596,0,0.000,0,4,48,0
4322,8145383885.663,8145383902.456,8145389392.925,1607.612,5507.262,3899.650,16.793,3882.857,4492.738,0,0.000,1,4,48,0
4323,8145389731.115,8145389743.789,8145399159.109,1535.342,9427.994,7892.652,12.674,7879.978,572.006,0,0.000,1,4,48,0
4324,8145404073.936,8145404092.997,8145405722.424,1629.030,1648.488,19.458,19.061,0.397,8351.512,0,0.000,0,4,48,0
4325,8145413350.542,8145413368.869,8145414890.257,1520.893,1539.715,18.822,18.327,0.495,8460.285,0,0.000,0,4,48,0
4326,8145427482.119,8145427501.280,8145429068.746,1567.047,1586.627,19.580,19.161,0.419,8413.373,0,0.000,0,4,48,0
4327,8145438438.758,8145438458.132,8145440069.312,1610.755,1630.554,19.799,19.374,0.425,8369.446,0,0.000,0,4,48,0
4328,8145450542.675,8145450561.669,8145452113.096,1551.022,1570.421,19.399,18.994,0.405,8429.579,0,0.000,0,4,48,0
4329,8145462728.293,8145462749.480,8145464289.794,1539.863,1561.501,21.638,21.187,0.451,8438.499,0,0.000,0,4,48,0
4330,8145477391.720,8145477410.784,8145478953.673,1542.459,1561.953,19.494,19.064,0.430,8438.047,0,0.000,0,4,48,0
4331,8145485084.751,8145485099.071,8145487971.760,1476.464,2887.009,1410.545,14.320,1396.225,7112.991,0,0.000,1,4,48,0
4332,8145493637.297,8145493650.658,8145495196.560,1545.511,1559.263,13.752,13.361,0.391,8440.737,0,0.000,0,4,48,0
4333,8145500038.352,8145500052.108,8145504224.593,1534.302,4186.241,2651.939,13.756,2638.183,5813.759,0,0.000,1,4,48,0
4334,8145510036.230,8145510056.630,8145511517.598,1460.508,1481.368,20.860,20.400,0.460,8518.632,0,0.000,0,4,48,0
4335,8145522928.275,8145522949.599,8145524430.591,1480.536,1502.316,21.780,21.324,0.456,8497.684,0,0.000,0,4,48,0
4336,8145529761.884,8145529780.580,8145533274.072,1560.235,3512.188,1951.953,18.696,1933.257,6487.812,0,0.000,1,4,48,0
4337,8145535953.786,8145535968.803,8145543565.630,1662.105,7611.844,5949.739,15.017,5934.722,2388.156,0,0.000,1,4,48,0
4338,8145548517.539,8145548536.686,8145550058.707,1521.590,1541.168,19.578,19.147,0.431,8458.832,0,0.000,0,4,48,0
4339,8145562689.516,8145562708.872,8145564234.417,1525.099,1544.901,19.802,19.356,0.446,8455.099,0,0.000,0,4,48,0
4340,8145575602.238,8145575621.532,8145577150.391,1528.443,1548.153,19.710,19.294,0.416,8451.847,0,0.000,0,4,48,0
4341,8145585819.152,8145585834.535,8145587300.647,1465.583,1481.495,15.912,15.383,0.529,8518.505,0,0.000,0,4,48,0
4342,8145597086.075,8145597108.922,8145598676.937,1567.349,1590.862,23.513,22.847,0.666,8409.138,0,0.000,0,4,48,0
4343,8145606332.961,8145606348.702,8145607925.899,1576.707,1592.938,16.231,15.741,0.490,8407.062,0,0.000,0,4,48,0
4344,8145615205.480,8145615225.446,8145616754.706,1528.848,1549.226,20.378,19.966,0.412,8450.774,0,0.000,0,4,48,0
4345,8145621602.689,8145621617.263,8145625342.321,1515.124,3739.632,2224.508,14.574,2209.934,6260.368,0,0.000,1,4,48,0
4346,8145636090.688,8145636112.223,8145637597.304,1484.526,1506.616,22.090,21.535,0.555,8493.384,0,0.000,0,4,48,0
4347,8145641094.835,8145641112.451,8145646717.882,1503.853,5623.047,4119.194,17.616,4101.578,4376.953,0,0.000,1,4,48,0
4348,8145656087.073,8145656106.551,8145657623.082,1516.101,1536.009,19.908,19.478,0.430,8463.991,0,0.000,0,4,48,0
4349,8145664561.478,8145664581.581,8145666029.879,1447.873,1468.401,20.528,20.103,0.425,8531.599,0,0.000,0,4,48,0
4350,8145677406.761,8145677425.434,8145678897.278,1471.432,1490.517,19.085,18.673,0.412,8509.483,0,0.000,0,4,48,0
4351,8145688619.712,8145688638.408,8145690109.269,1470.450,1489.557,19.107,18.696,0.411,8510.443,0,0.000,0,4,48,0
4352,8145703590.449,8145703611.361,8145705187.922,1576.162,1597.473,21.311,20.912,0.399,8402.527,0,0.000,0,4,48,0
4353,8145712519.662,8145712536.419,8145714099.058,1562.236,1579.396,17.160,16.757,0.403,8420.604,0,0.000,0,4,48,0
4354,8145723957.212,8145723975.857,8145725490.350,1514.082,1533.138,19.056,18.645,0.411,8466.862,0,0.000,0,4,48,0
4355,8145732284.269,8145732304.085,8145733845.971,1541.441,1561.702,20.261,19.816,0.445,8438.298,0,0.000,0,4,48,0
4356,8145747057.919,8145747077.343,8145748596.692,1518.900,1538.773,19.873,19.424,0.449,8461.227,0,0.000,0,4,48,0
4357,8145757697.251,8145757711.117,8145759203.791,1492.270,1506.540,14.270,13.866,0.404,8493.460,0,0.000,0,4,48,0
4358,8145764045.856,8145764066.679,8145768332.604,1550.156,4286.748,2736.592,20.823,2715.769,5713.252,0,0.000,1,4,48,0
4359,8145770718.690,8145770742.852,8145778011.846,1567.452,7293.156,5725.704,24.162,5701.542,2706.844,0,0.000,1,4,48,0
4360,8145781456.086,8145781472.157,8145783104.982,1632.079,1648.896,16.817,16.071,0.746,8351.104,0,0.000,0,4,48,0
4361,8145788467.352,8145788528.185,8145792494.108,1504.410,4026.756,2522.346,60.833,2461.513,5973.244,0,0.000,1,4,48,0
4362,8145801010.800,8145801030.076,8145802620.327,1589.745,1609.527,19.782,19.276,0.506,8390.473,0,0.000,0,4,48,0
4363,8145806380.614,8145806394.877,8145811925.900,1515.101,5545.286,4030.185,14.263,4015.922,4454.714,0,0.000,1,4,48,0
4364,8145811422.962,8145811931.295,8145821499.655,1544.913,10076.693,8531.780,508.333,8023.447,-76.693,1,76.693,1,4,48,0
4365,8145823703.636,8145823723.129,8145831045.407,1597.995,7341.771,5743.776,19.493,5724.283,2658.229,0,0.000,1,4,48,0
4366,8145838326.147,8145838346.521,8145839888.143,1541.119,1561.996,20.877,20.374,0.503,8438.004,0,0.000,0,4,48,0
4367,8145847035.244,8145847051.905,8145848604.758,1552.430,1569.514,17.084,16.661,0.423,8430.486,0,0.000,0,4,48,0
4368,8145852999.201,8145853028.735,8145857671.686,1601.947,4672.485,3070.538,29.534,3041.004,5327.515,0,0.000,1,4,48,0
4369,8145862355.385,8145862370.622,8145867049.828,1546.298,4694.443,3148.145,15.237,3132.908,5305.557,0,0.000,1,4,48,0
4370,8145867475.550,8145867488.161,8145877063.620,1524.581,9588.070,8063.489,12.611,8050.878,411.930,0,0.000,1,4,48,0
4371,8145880576.393,8145880596.022,8145882268.658,1672.210,1692.265,20.055,19.629,0.426,8307.735,0,0.000,0,4,48,0
4372,8145886208.791,8145886229.941,8145891383.642,1565.278,5174.851,3609.573,21.150,3588.423,4825.149,0,0.000,1,4,48,0
4373,8145897860.692,8145897881.847,8145899369.977,1487.694,1509.285,21.591,21.155,0.436,8490.715,0,0.000,0,4,48,0
4374,8145903177.106,8145903191.742,8145908565.519,1507.853,5388.413,3880.560,14.636,3865.924,4611.587,0,0.000,1,4,48,0
4375,8145918014.539,8145918033.567,8145919566.257,1532.254,1551.718,19.464,19.028,0.436,8448.282,0,0.000,0,4,48,0
4376,8145927990.306,8145928011.162,8145929536.503,1524.870,1546.197,21.327,20.856,0.471,8453.803,0,0.000,0,4,48,0
4377,8145935352.158,8145935365.928,8145938927.555,1564.063,3575.397,2011.334,13.770,1997.564,6424.603,0,0.000,1,4,48,0
4378,8145948989.267,8145949012.249,8145950496.809,1478.432,1507.542,29.110,22.982,6.128,8492.458,0,0.000,0,4,48,0
4379,8145959282.667,8145959297.378,8145960846.910,1549.047,1564.243,15.196,14.711,0.485,8435.757,0,0.000,0,4,48,0
4380,8145965903.543,8145965922.902,8145969719.968,1512.183,3816.425,2304.242,19.359,2284.883,6183.575,0,0.000,1,4,48,0
4381,8145978560.772,8145978586.060,8145980124.620,1537.864,1563.848,25.984,25.288,0.696,8436.152,0,0.000,0,4,48,0
4382,8145991125.395,8145991154.616,8145992717.999,1562.677,1592.604,29.927,29.221,0.706,8407.396,0,0.000,0,4,48,0
4383,8146001427.092,8146001458.214,8146003072.309,1613.196,1645.217,32.021,31.122,0.899,8354.783,0,0.000,0,4,48,0
4384,8146009666.671,8146009691.907,8146011705.351,1573.849,2038.680,464.831,25.236,439.595,7961.320,0,0.000,1,4,48,0
4385,8146018975.801,8146019008.418,8146020552.074,1542.854,1576.273,33.419,32.617,0.802,8423.727,0,0.000,0,4,48,0
4386,8146030784.618,8146030805.107,8146032327.738,1522.192,1543.120,20.928,20.489,0.439,8456.880,0,0.000,0,4,48,0
4387,8146041966.292,8146041986.458,8146043548.911,1561.913,1582.619,20.706,20.166,0.540,8417.381,0,0.000,0,4,48,0
4388,8146049008.492,8146049023.022,8146052571.144,1578.422,3562.652,1984.230,14.530,1969.700,6437.348,0,0.000,1,4,48,0
4389,8146063552.514,8146063573.585,8146065124.467,1550.381,1571.953,21.572,21.071,0.501,8428.047,0,0.000,0,4,48,0
4390,8146074662.848,8146074681.975,8146076244.195,1561.811,1581.347,19.536,19.127,0.409,8418.653,0,0.000,0,4,48,0
4391,8146082045.030,8146082063.505,8146085343.272,1611.709,3298.242,1686.533,18.475,1668.058,6701.758,0,0.000,1,4,48,0
4392,8146090899.294,8146090918.660,8146092540.755,1621.164,1641.461,20.297,19.366,0.931,8358.539,0,0.000,0,4,48,0
4393,8146103887.812,8146103908.473,8146105407.798,1498.817,1519.986,21.169,20.661,0.508,8480.014,0,0.000,0,4,48,0
4394,8146112461.238,8146112480.793,8146113971.739,1490.434,1510.501,20.067,19.555,0.512,8489.499,0,0.000,0,4,48,0
4395,8146117651.187,8146117671.234,8146122717.089,1580.930,5065.902,3484.972,20.047,3464.925,4934.098,0,0.000,1,4,48,0
4396,8146132702.137,8146132721.596,8146134273.921,1551.916,1571.784,19.868,19.459,0.409,8428.216,0,0.000,0,4,48,0
4397,8146138145.099,8146138160.317,8146143379.306,1496.528,5234.207,3737.679,15.218,3722.461,4765.793,0,0.000,1,4,48,0
4398,8146149935.678,8146149955.029,8146151401.278,1445.831,1465.600,19.769,19.351,0.418,8534.400,0,0.000,0,4,48,0
4399,8146158093.242,8146158107.318,8146159609.484,1501.756,1516.242,14.486,14.076,0.410,8483.758,0,0.000,0,4,48,0
4400,8146163167.628,8146163181.549,8146168844.934,1562.120,5677.306,4115.186,13.921,4101.265,4322.694,0,0.000,1,4,48,0
4401,8146172770.028,8146172790.879,8146178438.173,1537.208,5668.145,4130.937,20.851,4110.086,4331.855,0,0.000,1,4,48,0
4402,8146179902.971,8146179924.000,8146188125.676,1563.837,8222.705,6658.868,21.029,6637.839,1777.295,0,0.000,1,4,48,0
4403,8146187987.189,8146188131.964,8146189623.629,1491.141,1636.440,145.299,144.775,0.524,8363.560,0,0.000,0,4,48,0
4404,8146200848.223,8146200867.616,8146202461.772,1593.598,1613.549,19.951,19.393,0.558,8386.451,0,0.000,0,4,48,0
4405,8146212172.953,8146212195.500,8146213663.705,1467.779,1490.752,22.973,22.547,0.426,8509.248,0,0.000,0,4,48,0
4406,8146221604.344,8146221618.327,8146223187.569,1568.825,1583.225,14.400,13.983,0.417,8416.775,0,0.000,0,4,48,0
4407,8146235018.547,8146235037.923,8146236535.014,1496.663,1516.467,19.804,19.376,0.428,8483.533,0,0.000,0,4,48,0
4408,8146249262.183,8146249282.522,8146250857.193,1574.228,1595.010,20.782,20.339,0.443,8404.990,0,0.000,0,4,48,0
4409,8146260168.135,8146260187.607,8146261794.006,1605.894,1625.871,19.977,19.472,0.505,8374.129,0,0.000,0,4,48,0
4410,8146265032.589,8146265053.618,8146270715.293,1477.961,5682.704,4204.743,21.029,4183.714,4317.296,0,0.000,1,4,48,0
4411,8146278465.876,8146278486.860,8146279999.321,1512.039,1533.445,21.406,20.984,0.422,8466.555,0,0.000,0,4,48,0
4412,8146285569.871,8146285590.739,8146288679.656,1619.342,3109.785,1490.443,20.868,1469.575,6890.215,0,0.000,1,4,48,0
4413,8146298045.654,8146298072.944,8146299662.641,1589.077,1616.987,27.910,27.290,0.620,8383.013,0,0.000,0,4,48,0
4414,8146303138.566,8146303153.721,8146308829.968,1624.863,5691.402,4066.539,15.155,4051.384,4308.598,0,0.000,1,4,48,0
4415,8146311039.530,8146311059.733,8146318649.378,1530.908,7609.848,6078.940,20.203,6058.737,2390.152,0,0.000,1,4,48,0
4416,8146323510.874,8146323529.757,8146325022.985,1492.806,1512.111,19.305,18.883,0.422,8487.889,0,0.000,0,4,48,0
4417,8146331661.347,8146331675.432,8146333220.056,1544.198,1558.709,14.511,14.085,0.426,8441.291,0,0.000,0,4,48,0
4418,8146338712.256,8146338728.433,8146341938.761,1545.397,3226.505,1681.108,16.177,1664.931,6773.495,0,0.000,1,4,48,0
4419,8146349879.552,8146349898.842,8146351476.777,1577.517,1597.225,19.708,19.290,0.418,8402.775,0,0.000,0,4,48,0
4420,8146362422.893,8146362442.285,8146363961.745,1519.024,1538.852,19.828,19.392,0.436,8461.148,0,0.000,0,4,48,0
4421,8146368400.629,8146368416.346,8146373517.676,1674.465,5117.047,3442.582,15.717,3426.865,4882.953,0,0.000,1,4,48,0
4422,8146381684.988,8146381704.783,8146383264.320,1559.118,1579.332,20.214,19.795,0.419,8420.668,0,0.000,0,4,48,0
4423,8146395180.067,8146395198.976,8146396756.278,1556.902,1576.211,19.309,18.909,0.400,8423.789,0,0.000,0,4,48,0
4424,8146405253.323,8146405269.640,8146406825.549,1555.486,1572.226,16.740,16.317,0.423,8427.774,0,0.000,0,4,48,0
4425,8146411812.901,8146411827.384,8146415655.127,1573.340,3842.226,2268.886,14.483,2254.403,6157.774,0,0.000,1,4,48,0
4426,8146420686.128,8146420707.482,8146425503.053,1541.052,4816.925,3275.873,21.354,3254.519,5183.075,0,0.000,1,4,48,0
4427,8146426779.566,8146426793.252,8146435268.092,1554.870,8488.526,6933.656,13.686,6919.970,1511.474,0,0.000,1,4,48,0
4428,8146440471.905,8146440491.112,8146442067.738,1576.148,1595.833,19.685,19.207,0.478,8404.167,0,0.000,0,4,48,0
4429,8146449150.672,8146449169.327,8146450640.334,1470.574,1489.662,19.088,18.655,0.433,8510.338,0,0.000,0,4,48,0
4430,8146454550.008,8146454568.007,8146459311.991,1589.082,4761.983,3172.901,17.999,3154.902,5238.017,0,0.000,1,4,48,0
4431,8146468385.062,8146468407.309,8146469960.464,1552.634,1575.402,22.768,22.247,0.521,8424.598,0,0.000,0,4,48,0
4432,8146474077.291,8146474093.280,8146479067.235,1585.621,4989.944,3404.323,15.989,3388.334,5010.056,0,0.000,1,4,48,0
4433,8146482376.239,8146482390.984,8146488412.072,1576.196,6035.833,4459.637,14.745,4444.892,3964.167,0,0.000,1,4,48,0
4434,8146490976.227,8146490990.612,8146498400.786,1568.241,7424.559,5856.318,14.385,5841.933,2575.441,0,0.000,1,4,48,0
4435,8146501705.359,8146501724.778,8146503264.961,1539.769,1559.602,19.833,19.419,0.414,8440.398,0,0.000,0,4,48,0
4436,8146516665.824,8146516685.187,8146518352.132,1666.467,1686.308,19.841,19.363,0.478,8313.692,0,0.000,0,4,48,0
4437,8146525088.567,8146525110.021,8146527194.757,1414.200,2106.190,691.990,21.454,670.536,7893.810,0,0.000,1,4,48,0
4438,8146534399.039,8146534413.308,8146535938.853,1525.142,1539.814,14.672,14.269,0.403,8460.186,0,0.000,0,4,48,0
4439,8146548808.639,8146548827.896,8146550386.978,1558.672,1578.339,19.667,19.257,0.410,8421.661,0,0.000,0,4,48,0
4440,8146559878.052,8146559897.068,8146561495.256,1597.787,1617.204,19.417,19.016,0.401,8382.796,0,0.000,0,4,48,0
4441,8146573743.590,8146573766.784,8146575386.236,1618.679,1642.646,23.967,23.194,0.773,8357.354,0,0.000,0,4,48,0
4442,8146583145.823,8146583163.654,8146584658.653,1494.366,1512.830,18.464,17.831,0.633,8487.170,0,0.000,0,4,48,0
4443,8146596844.630,8146596866.478,8146598459.484,1592.483,1614.854,22.371,21.848,0.523,8385.146,0,0.000,0,4,48,0
4444,8146607688.225,8146607707.366,8146609349.917,1642.109,1661.692,19.583,19.141,0.442,8338.308,0,0.000,0,4,48,0
4445,8146615212.304,8146615226.820,8146618427.731,1509.017,3215.427,1706.410,14.516,1691.894,6784.573,0,0.000,1,4,48,0
4446,8146630297.295,8146630316.364,8146631853.575,1536.785,1556.280,19.495,19.069,0.426,8443.720,0,0.000,0,4,48,0
4447,8146636643.815,8146636657.905,8146640453.717,1493.458,3809.902,2316.444,14.090,2302.354,6190.098,0,0.000,1,4,48,0
4448,8146645715.770,8146645736.555,8146647260.565,1523.561,1544.795,21.234,20.785,0.449,8455.205,0,0.000,0,4,48,0
4449,8146651861.563,8146651877.404,8146656144.186,1549.591,4282.623,2733.032,15.841,2717.191,5717.377,0,0.000,1,4,48,0
4450,8146663178.277,8146663199.813,8146664749.507,1549.284,1571.230,21.946,21.536,0.410,8428.770,0,0.000,0,4,48,0
4451,8146676899.494,8146676920.178,8146678611.847,1691.172,1712.353,21.181,20.684,0.497,8287.647,0,0.000,0,4,48,0
4452,8146685915.767,8146685936.358,8146687512.319,1575.472,1596.552,21.080,20.591,0.489,8403.448,0,0.000,0,4,48,0
4453,8146692303.242,8146692318.657,8146696834.908,1598.621,4531.666,2933.045,15.415,2917.630,5468.334,0,0.000,1,4,48,0
4454,8146702476.099,8146702492.006,8146703976.874,1484.395,1500.775,16.380,15.907,0.473,8499.225,0,0.000,0,4,48,0
4455,8146712199.045,8146712217.547,8146713725.323,1507.378,1526.278,18.900,18.502,0.398,8473.722,0,0.000,0,4,48,0
4456,8146724166.227,8146724186.991,8146725755.967,1568.559,1589.740,21.181,20.764,0.417,8410.260,0,0.000,0,4,48,0
4457,8146737693.074,8146737714.955,8146739179.419,1463.865,1486.345,22.480,21.881,0.599,8513.655,0,0.000,0,4,48,0
4458,8146752684.638,8146752709.774,8146754225.968,1515.275,1541.330,26.055,25.136,0.919,8458.670,0,0.000,0,4,48,0
4459,8146761870.408,8146761885.553,8146763461.994,1576.014,1591.586,15.572,15.145,0.427,8408.414,0,0.000,0,4,48,0
4460,8146774270.933,8146774291.316,8146775775.757,1483.927,1504.824,20.897,20.383,0.514,8495.176,0,0.000,0,4,48,0
4461,8146788319.671,8146788340.875,8146789831.732,1490.411,1512.061,21.650,21.204,0.446,8487.939,0,0.000,0,4,48,0
4462,8146800453.355,8146800472.295,8146801923.777,1451.080,1470.422,19.342,18.940,0.402,8529.578,0,0.000,0,4,48,0
4463,8146812515.750,8146812534.667,8146814111.206,1576.138,1595.456,19.318,18.917,0.401,8404.544,0,0.000,0,4,48,0
4464,8146817783.618,8146817797.484,8146822847.358,1528.036,5063.740,3535.704,13.866,3521.838,4936.260,0,0.000,1,4,48,0
4465,8146823806.810,8146823829.537,8146832940.359,1586.156,9133.549,7547.393,22.727,7524.666,866.451,0,0.000,1,4,48,0
4466,8146831485.937,8146832991.731,8146842542.642,1463.754,11056.705,9592.951,1505.794,8087.157,-1056.705,1,1056.705,1,4,48,0
4467,8146838297.002,8146842548.437,8146844209.075,1660.165,5912.073,4251.908,4251.435,0.473,4087.927,0,0.000,0,4,48,0
4468,8146843350.489,8146844213.304,8146853194.647,1459.846,9844.158,8384.312,862.815,7521.497,155.842,0,0.000,1,4,48,0
4469,8146849625.002,8146853198.836,8146863259.250,1533.991,13634.248,12100.257,3573.834,8526.423,-3634.248,1,3634.248,1,4,48,0
4470,8146856950.000,8146863263.693,8146872547.156,1464.562,15597.156,14132.594,6313.693,7818.901,-5597.156,1,5597.156,1,4,48,0
4471,8146870976.988,8146872552.422,8146874056.945,1504.077,3079.957,1575.880,1575.434,0.446,6920.043,0,0.000,0,4,48,0
4472,8146885393.549,8146885413.974,8146887034.370,1619.962,1640.821,20.859,20.425,0.434,8359.179,0,0.000,0,4,48,0
4473,8146892609.919,8146892629.228,8146896518.953,1491.990,3909.034,2417.044,19.309,2397.735,6090.966,0,0.000,1,4,48,0
4474,8146902359.921,8146902375.293,8146903841.347,1465.522,1481.426,15.904,15.372,0.532,8518.574,0,0.000,0,4,48,0
4475,8146907687.446,8146907702.870,8146912656.813,1589.773,4969.367,3379.594,15.424,3364.170,5030.633,0,0.000,1,4,48,0
4476,8146918970.357,8146918991.811,8146920527.145,1534.896,1556.788,21.892,21.454,0.438,8443.212,0,0.000,0,4,48,0
4477,8146924439.806,8146924453.720,8146929988.594,1549.550,5548.788,3999.238,13.914,3985.324,4451.212,0,0.000,1,4,48,0
4478,8146934078.010,8146934092.280,8146939607.496,1532.801,5529.486,3996.685,14.270,3982.415,4470.514,0,0.000,1,4,48,0
4479,8146939172.929,8146939616.004,8146949143.333,1539.818,9970.404,8430.586,443.075,7987.511,29.596,0,0.000,1,4,48,0
4480,8146947821.623,8146949148.234,8146950661.395,1512.763,2839.772,1327.009,1326.611,0.398,7160.228,0,0.000,0,4,48,0
4481,8146962234.639,8146962255.268,8146963746.617,1490.896,1511.978,21.082,20.629,0.453,8488.022,0,0.000,0,4,48,0
4482,8146973814.920,8146973835.399,8146975311.407,1475.436,1496.487,21.051,20.479,0.572,8503.513,0,0.000,0,4,48,0
4483,8146985866.709,8146985888.117,8146987415.238,1526.646,1548.529,21.883,21.408,0.475,8451.471,0,0.000,0,4,48,0
4484,8146991301.780,8146991321.268,8146996759.293,1562.949,5457.513,3894.564,19.488,3875.076,4542.487,0,0.000,1,4,48,0
4485,8147002568.017,8147002586.976,8147004094.745,1507.363,1526.728,19.365,18.959,0.406,8473.272,0,0.000,0,4,48,0
4486,8147011094.874,8147011108.600,8147012675.238,1566.207,1580.364,14.157,13.726,0.431,8419.636,0,0.000,0,4,48,0
4487,8147024041.833,8147024062.339,8147025625.014,1562.248,1583.181,20.933,20.506,0.427,8416.819,0,0.000,0,4,48,0
4488,8147032190.179,8147032210.531,8147033722.597,1511.581,1532.418,20.837,20.352,0.485,8467.582,0,0.000,0,4,48,0
4489,8147040091.552,8147040112.101,8147041656.863,1544.347,1565.311,20.964,20.549,0.415,8434.689,0,0.000,0,4,48,0
4490,8147050062.987,8147050078.551,8147051645.143,1566.079,1582.156,16.077,15.564,0.513,8417.844,0,0.000,0,4,48,0
4491,8147062747.705,8147062767.466,8147064238.807,1470.928,1491.102,20.174,19.761,0.413,8508.898,0,0.000,0,4,48,0
4492,8147076531.190,8147076550.422,8147078069.798,1518.965,1538.608,19.643,19.232,0.411,8461.392,0,0.000,0,4,48,0
4493,8147082351.494,8147082365.585,8147087342.242,1433.092,4990.748,3557.656,14.091,3543.565,5009.252,0,0.000,1,4,48,0
4494,8147091939.311,8147091958.873,8147093510.403,1550.868,1571.092,20.224,19.562,0.662,8428.908,0,0.000,0,4,48,0
4495,8147103799.437,8147103819.377,8147105328.034,1508.266,1528.597,20.331,19.940,0.391,8471.403,0,0.000,0,4,48,0
4496,8147111762.388,8147111778.987,8147113357.268,1577.879,1594.880,17.001,16.599,0.402,8405.120,0,0.000,0,4,48,0
4497,8147123941.330,8147123960.946,8147125490.758,1529.401,1549.428,20.027,19.616,0.411,8450.572,0,0.000,0,4,48,0
4498,8147138297.640,8147138317.833,8147139883.400,1565.072,1585.760,20.688,20.193,0.495,8414.240,0,0.000,0,4,48,0
4499,8147147151.715,8147147165.873,8147148727.499,1561.078,1575.784,14.706,14.158,0.548,8424.216,0,0.000,0,4,48,0
4500,8147154952.000,8147154966.017,8147157674.957,1552.962,2722.957,1169.995,14.017,1155.978,7277.043,0,0.000,1,4,48,0
4501,8147160613.389,8147160628.985,8147167391.928,1589.907,6778.539,5188.632,15.596,5173.036,3221.461,0,0.000,1,4,48,0
4502,8147169492.256,8147169506.323,8147177211.465,1537.473,7719.209,6181.736,14.067,6167.669,2280.791,0,0.000,1,4,48,0
4503,8147177831.822,8147177844.272,8147179421.487,1576.791,1589.665,12.874,12.450,0.424,8410.335,0,0.000,0,4,48,0
4504,8147190715.467,8147190735.144,8147192311.850,1576.281,1596.383,20.102,19.677,0.425,8403.617,0,0.000,0,4,48,0
4505,8147200429.918,8147200443.557,8147201922.351,1478.337,1492.433,14.096,13.639,0.457,8507.567,0,0.000,0,4,48,0
4506,8147207573.847,8147207592.915,8147210637.880,1613.387,3064.033,1450.646,19.068,1431.578,6935.967,0,0.000,1,4,48,0
4507,8147213779.288,8147213792.870,8147220761.578,1527.586,6982.290,5454.704,13.582,5441.122,3017.710,0,0.000,1,4,48,0
4508,8147220917.598,8147220935.240,8147230447.258,1534.296,9529.660,7995.364,17.642,7977.722,470.340,0,0.000,1,4,48,0
4509,8147230373.021,8147230465.212,8147231997.630,1531.990,1624.609,92.619,92.191,0.428,8375.391,0,0.000,0,4,48,0
4510,8147237065.086,8147237082.704,8147241113.355,1598.207,4048.269,2450.062,17.618,2432.444,5951.731,0,0.000,1,4,48,0
4511,8147242510.181,8147242524.749,8147250552.848,1581.045,8042.667,6461.622,14.568,6447.054,1957.333,0,0.000,1,4,48,0
4512,8147256702.138,8147256721.930,8147258277.111,1554.672,1574.973,20.301,19.792,0.509,8425.027,0,0.000,0,4,48,0
4513,8147265020.103,8147265035.568,8147266574.885,1538.923,1554.782,15.859,15.465,0.394,8445.218,0,0.000,0,4,48,0
4514,8147273707.958,8147273730.716,8147275221.657,1490.521,1513.699,23.178,22.758,0.420,8486.301,0,0.000,0,4,48,0
4515,8147280606.964,8147280623.756,8147283853.241,1519.107,3246.277,1727.170,16.792,1710.378,6753.723,0,0.000,1,4,48,0
4516,8147291660.417,8147291679.835,8147293206.452,1526.217,1546.035,19.818,19.418,0.400,8453.965,0,0.000,0,4,48,0
4517,8147305432.509,8147305453.539,8147306973.457,1519.472,1540.948,21.476,21.030,0.446,8459.052,0,0.000,0,4,48,0
4518,8147310352.817,8147310372.478,8147316345.395,1521.996,5992.578,4470.582,19.661,4450.921,4007.422,0,0.000,1,4,48,0
4519,8147318334.967,8147318355.922,8147325448.988,1500.272,7114.021,5613.749,20.955,5592.794,2885.979,0,0.000,1,4,48,0
4520,8147332067.425,8147332086.326,8147333617.301,1530.561,1549.876,19.315,18.901,0.414,8450.124,0,0.000,0,4,48,0
4521,8147339949.623,8147339963.558,8147341506.574,1542.605,1556.951,14.346,13.935,0.411,8443.049,0,0.000,0,4,48,0
4522,8147348979.046,8147348992.707,8147350624.626,1631.501,1645.580,14.079,13.661,0.418,8354.420,0,0.000,0,4,48,0
4523,8147356123.270,8147356137.234,8147359628.062,1509.845,3504.792,1994.947,13.964,1980.983,6495.208,0,0.000,1,4,48,0
4524,8147362039.488,8147362053.570,8147369637.854,1599.136,7598.366,5999.230,14.082,5985.148,2401.634,0,0.000,1,4,48,0
4525,8147370160.643,8147370175.272,8147379016.311,1515.802,8855.668,7339.866,14.629,7325.237,1144.332,0,0.000,1,4,48,0
4526,8147379560.484,8147379578.355,8147381086.943,1508.109,1526.459,18.350,17.871,0.479,8473.541,0,0.000,0,4,48,0
4527,8147388885.236,8147388899.668,8147390488.033,1587.959,1602.797,14.838,14.432,0.406,8397.203,0,0.000,0,4,48,0
4528,8147397882.972,8147397903.160,8147399433.971,1530.413,1550.999,20.586,20.188,0.398,8449.001,0,0.000,0,4,48,0
4529,8147405512.822,8147405536.119,8147409038.961,1617.549,3526.139,1908.590,23.297,1885.293,6473.861,0,0.000,1,4,48,0
4530,8147418637.870,8147418659.504,8147420235.587,1575.655,1597.717,22.062,21.634,0.428,8402.283,0,0.000,0,4,48,0
4531,8147433277.701,8147433299.093,8147434765.149,1465.514,1487.448,21.934,21.392,0.542,8512.552,0,0.000,0,4,48,0
4532,8147444265.100,8147444284.788,8147445793.311,1508.063,1528.211,20.148,19.688,0.460,8471.789,0,0.000,0,4,48,0
4533,8147457279.645,8147457298.485,8147458828.824,1529.903,1549.179,19.276,18.840,0.436,8450.821,0,0.000,0,4,48,0
4534,8147466338.003,8147466352.450,8147467873.586,1520.695,1535.583,14.888,14.447,0.441,8464.417,0,0.000,0,4,48,0
4535,8147474734.214,8147474755.461,8147476241.040,1485.152,1506.826,21.674,21.247,0.427,8493.174,0,0.000,0,4,48,0
4536,8147487014.245,8147487033.446,8147488524.244,1490.385,1509.999,19.614,19.201,0.413,8490.001,0,0.000,0,4,48,0
4537,8147498976.374,8147498999.804,8147500526.194,1525.984,1549.820,23.836,23.430,0.406,8450.180,0,0.000,0,4,48,0
4538,8147510065.855,8147510084.625,8147511577.829,1492.798,1511.974,19.176,18.770,0.406,8488.026,0,0.000,0,4,48,0
4539,8147520938.850,8147520954.473,8147522580.469,1625.583,1641.619,16.036,15.623,0.413,8358.381,0,0.000,0,4,48,0
4540,8147528191.635,8147528211.379,8147531702.055,1548.128,3510.420,1962.292,19.744,1942.548,6489.580,0,0.000,1,4,48,0
4541,8147539577.900,8147539597.636,8147541126.254,1528.137,1548.354,20.217,19.736,0.481,8451.646,0,0.000,0,4,48,0
4542,8147554189.662,8147554208.837,8147555696.984,1487.740,1507.322,19.582,19.175,0.407,8492.678,0,0.000,0,4,48,0
4543,8147563019.813,8147563034.616,8147564616.534,1581.514,1596.721,15.207,14.803,0.404,8403.279,0,0.000,0,4,48,0
4544,8147571480.119,8147571495.250,8147573131.433,1635.718,1651.314,15.596,15.131,0.465,8348.686,0,0.000,0,4,48,0
4545,8147584141.518,8147584161.534,8147585640.992,1478.984,1499.474,20.490,20.016,0.474,8500.526,0,0.000,0,4,48,0
4546,8147597637.312,8147597657.276,8147599238.353,1580.649,1601.041,20.392,19.964,0.428,8398.959,0,0.000,0,4,48,0
4547,8147604469.649,8147604484.150,8147608838.260,1712.868,4368.611,2655.743,14.501,2641.242,5631.389,0,0.000,1,4,48,0
4548,8147610931.705,8147610949.739,8147618138.255,1533.025,7206.550,5673.525,18.034,5655.491,2793.450,0,0.000,1,4,48,0
4549,8147623421.915,8147623443.576,8147624911.209,1467.216,1489.294,22.078,21.661,0.417,8510.706,0,0.000,0,4,48,0
4550,8147635146.041,8147635164.631,8147636708.054,1542.995,1562.013,19.018,18.590,0.428,8437.987,0,0.000,0,4,48,0
4551,8147649747.544,8147649767.097,8147651247.537,1480.029,1499.993,19.964,19.553,0.411,8500.007,0,0.000,0,4,48,0
4552,8147657376.071,8147657393.595,8147658989.526,1595.347,1613.455,18.108,17.524,0.584,8386.545,0,0.000,0,4,48,0
4553,8147665021.602,8147665038.057,8147667817.169,1401.566,2795.567,1394.001,16.455,1377.546,7204.433,0,0.000,1,4,48,0
4554,8147675719.663,8147675739.990,8147677351.855,1611.306,1632.192,20.886,20.327,0.559,8367.808,0,0.000,0,4,48,0
4555,8147681317.835,8147681337.500,8147686603.395,1528.119,5285.560,3757.441,19.665,3737.776,4714.440,0,0.000,1,4,48,0
4556,8147695223.580,8147695255.067,8147696758.565,1502.381,1534.985,32.604,31.487,1.117,8465.015,0,0.000,0,4,48,0
4557,8147704228.527,8147704251.047,8147705730.061,1478.483,1501.534,23.051,22.520,0.531,8498.466,0,0.000,0,4,48,0
4558,8147714309.177,8147714324.491,8147715795.572,1470.566,1486.395,15.829,15.314,0.515,8513.605,0,0.000,0,4,48,0
4559,8147722367.345,8147722381.464,8147723893.412,1511.475,1526.067,14.592,14.119,0.473,8473.933,0,0.000,0,4,48,0
4560,8147731462.047,8147731475.962,8147733037.205,1560.813,1575.158,14.345,13.915,0.430,8424.842,0,0.000,0,4,48,0
4561,8147739149.472,8147739171.054,8147742181.844,1545.596,3032.372,1486.776,21.582,1465.194,6967.628,0,0.000,1,4,48,0
4562,8147749048.458,8147749069.761,8147750597.495,1527.258,1549.037,21.779,21.303,0.476,8450.963,0,0.000,0,4,48,0
4563,8147763186.204,8147763205.661,8147764763.763,1557.705,1577.559,19.854,19.457,0.397,8422.441,0,0.000,0,4,48,0
4564,8147768162.233,8147768186.739,8147773902.099,1521.911,5739.866,4217.955,24.506,4193.449,4260.134,0,0.000,1,4,48,0
4565,8147776190.678,8147776212.875,8147783203.398,1470.836,7012.720,5541.884,22.197,5519.687,2987.280,0,0.000,1,4,48,0
4566,8147789071.810,8147789090.745,8147790629.827,1538.672,1558.017,19.345,18.935,0.410,8441.983,0,0.000,0,4,48,0
4567,8147795119.153,8147795134.034,8147799714.107,1505.054,4594.954,3089.900,14.881,3075.019,5405.046,0,0.000,1,4,48,0
4568,8147801210.717,8147801232.036,8147809087.755,1494.365,7877.038,6382.673,21.319,6361.354,2122.962,0,0.000,1,4,48,0
4569,8147814109.381,8147814130.037,8147815656.492,1525.968,1547.111,21.143,20.656,0.487,8452.889,0,0.000,0,4,48,0
4570,8147819770.282,8147819784.258,8147824437.899,1524.136,4667.617,3143.481,13.976,3129.505,5332.383,0,0.000,1,4,48,0
4571,8147829615.301,8147829629.773,8147831176.460,1546.191,1561.159,14.968,14.472,0.496,8438.841,0,0.000,0,4,48,0
4572,8147835895.448,8147835914.904,8147840018.950,1485.293,4123.502,2638.209,19.456,2618.753,5876.498,0,0.000,1,4,48,0
4573,8147845680.452,8147845694.742,8147847218.277,1523.102,1537.825,14.723,14.290,0.433,8462.175,0,0.000,0,4,48,0
4574,8147852138.357,8147852157.555,8147856334.810,1494.735,4196.453,2701.718,19.198,2682.520,5803.547,0,0.000,1,4,48,0
4575,8147858222.454,8147858237.106,8147865695.336,1641.897,7472.882,5830.985,14.652,5816.333,2527.118,0,0.000,1,4,48,0
4576,8147872505.939,8147872526.968,8147874056.682,1529.256,1550.743,21.487,21.029,0.458,8449.257,0,0.000,0,4,48,0
4577,8147884220.356,8147884239.343,8147885687.259,1447.502,1466.903,19.401,18.987,0.414,8533.097,0,0.000,0,4,48,0
4578,8147890076.605,8147890101.439,8147894783.729,1459.265,4707.124,3247.859,24.834,3223.025,5292.876,0,0.000,1,4,48,0
4579,8147899244.324,8147899257.727,8147900731.448,1473.313,1487.124,13.811,13.403,0.408,8512.876,0,0.000,0,4,48,0
4580,8147908566.878,8147908580.626,8147910161.940,1580.885,1595.062,14.177,13.748,0.429,8404.938,0,0.000,0,4,48,0
4581,8147914621.172,8147914640.745,8147918786.627,1576.445,4165.455,2589.010,19.573,2569.437,5834.545,0,0.000,1,4,48,0
4582,8147927904.363,8147927924.088,8147929484.983,1560.473,1580.620,20.147,19.725,0.422,8419.380,0,0.000,0,4,48,0
4583,8147935900.767,8147935919.288,8147937456.079,1536.373,1555.312,18.939,18.521,0.418,8444.688,0,0.000,0,4,48,0
4584,8147941178.868,8147941199.903,8147946715.884,1610.335,5537.016,3926.681,21.035,3905.646,4462.984,0,0.000,1,4,48,0
4585,8147947833.178,8147947847.296,8147956290.022,1527.523,8456.844,6929.321,14.118,6915.203,1543.156,0,0.000,1,4,48,0
4586,8147961685.283,8147961704.312,8147963235.231,1530.503,1549.948,19.445,19.029,0.416,8450.052,0,0.000,0,4,48,0
4587,8147975601.088,8147975628.817,8147977164.959,1534.880,1563.871,28.991,27.729,1.262,8436.129,0,0.000,0,4,48,0
4588,8147983860.537,8147983879.545,8147985524.013,1643.861,1663.476,19.615,19.008,0.607,8336.524,0,0.000,0,4,48,0
4589,8147990628.068,8147990647.509,8147995057.681,1512.601,4429.613,2917.012,19.441,2897.571,5570.387,0,0.000,1,4,48,0
4590,8147998683.195,8147998701.213,8148004127.588,1561.863,5444.393,3882.530,18.018,3864.512,4555.607,0,0.000,1,4,48,0
4591,8148008095.852,8148008113.990,8148009698.900,1584.364,1603.048,18.684,18.138,0.546,8396.952,0,0.000,0,4,48,0
4592,8148018093.524,8148018108.764,8148019607.787,1498.495,1514.263,15.768,15.240,0.528,8485.737,0,0.000,0,4,48,0
4593,8148029128.796,8148029144.125,8148030773.393,1628.692,1644.597,15.905,15.329,0.576,8355.403,0,0.000,0,4,48,0
4594,8148036180.745,8148036200.413,8148039802.735,1471.796,3621.990,2150.194,19.668,2130.526,6378.010,0,0.000,1,4,48,0
4595,8148041591.200,8148041612.074,8148049244.252,1486.398,7653.052,6166.654,20.874,6145.780,2346.948,0,0.000,1,4,48,0
4596,8148048713.772,8148049248.563,8148059150.865,1468.431,10437.093,8968.662,534.791,8433.871,-437.093,1,437.093,1,4,48,0
4597,8148060274.811,8148060294.171,8148061782.027,1487.369,1507.216,19.847,19.360,0.487,8492.784,0,0.000,0,4,48,0
4598,8148073791.411,8148073811.354,8148075375.195,1563.395,1583.784,20.389,19.943,0.446,8416.216,0,0.000,0,4,48,0
4599,8148084153.793,8148084173.023,8148085685.892,1512.407,1532.099,19.692,19.230,0.462,8467.901,0,0.000,0,4,48,0
4600,8148093979.404,8148094015.376,8148095605.603,1589.399,1626.199,36.800,35.972,0.828,8373.801,0,0.000,0,4,48,0
4601,8148106630.541,8148106650.536,8148108160.633,1509.653,1530.092,20.439,19.995,0.444,8469.908,0,0.000,0,4,48,0
4602,8148120864.096,8148120886.085,8148122412.886,1526.343,1548.790,22.447,21.989,0.458,8451.210,0,0.000,0,4,48,0
4603,8148126337.247,8148126351.932,8148131761.172,1537.293,5423.925,3886.632,14.685,3871.947,4576.075,0,0.000,1,4,48,0
4604,8148133950.691,8148133964.233,8148141414.771,1568.390,7464.080,5895.690,13.542,5882.148,2535.920,0,0.000,1,4,48,0
4605,8148149055.597,8148149075.088,8148150731.750,1655.839,1676.153,20.314,19.491,0.823,8323.847,0,0.000,0,4,48,0
4606,8148156478.950,8148156498.238,8148160017.260,1459.822,3538.310,2078.488,19.288,2059.200,6461.690,0,0.000,1,4,48,0
4607,8148163430.137,8148163444.492,8148169071.989,1529.210,5641.852,4112.642,14.355,4098.287,4358.148,0,0.000,1,4,48,0
4608,8148172677.184,8148172691.079,8148179288.249,1527.304,6611.065,5083.761,13.895,5069.866,3388.935,0,0.000,1,4,48,0
4609,8148187689.626,8148187714.259,8148189251.995,1537.219,1562.369,25.150,24.633,0.517,8437.631,0,0.000,0,4,48,0
4610,8148192868.671,8148192883.474,8148198195.663,1608.290,5326.992,3718.702,14.803,3703.899,4673.008,0,0.000,1,4,48,0
4611,8148198712.676,8148198727.312,8148207986.017,1561.315,9273.341,7712.026,14.636,7697.390,726.659,0,0.000,1,4,48,0
4612,8148206924.585,8148207990.262,8148217707.660,1609.584,10783.075,9173.491,1065.677,8107.814,-783.075,1,783.075,1,4,48,0
4613,8148221297.152,8148221316.162,8148222817.690,1501.112,1520.538,19.426,19.010,0.416,8479.462,0,0.000,0,4,48,0
4614,8148226544.802,8148226558.926,8148231421.256,1561.093,4876.454,3315.361,14.124,3301.237,5123.546,0,0.000,1,4,48,0
4615,8148240415.020,8148240434.428,8148241955.855,1521.007,1540.835,19.828,19.408,0.420,8459.165,0,0.000,0,4,48,0
4616,8148249494.134,8148249511.248,8148251099.598,1587.939,1605.464,17.525,17.114,0.411,8394.536,0,0.000,0,4,48,0
4617,8148262051.693,8148262070.391,8148263655.487,1584.699,1603.794,19.095,18.698,0.397,8396.206,0,0.000,0,4,48,0
4618,8148274390.098,8148274410.386,8148275946.932,1536.049,1556.834,20.785,20.288,0.497,8443.166,0,0.000,0,4,48,0
4619,8148284967.561,8148284984.966,8148286562.638,1577.264,1595.077,17.813,17.405,0.408,8404.923,0,0.000,0,4,48,0
4620,8148297379.106,8148297397.903,8148299034.243,1635.931,1655.137,19.206,18.797,0.409,8344.863,0,0.000,0,4,48,0
4621,8148306115.673,8148306129.162,8148307666.172,1536.601,1550.499,13.898,13.489,0.409,8449.501,0,0.000,0,4,48,0
4622,8148315556.636,8148315573.330,8148316983.377,1409.626,1426.741,17.115,16.694,0.421,8573.259,0,0.000,0,4,48,0
4623,8148321999.313,8148322020.935,8148326164.453,1584.933,4165.140,2580.207,21.622,2558.585,5834.860,0,0.000,1,4,48,0
4624,8148336548.559,8148336569.742,8148338128.544,1558.383,1579.985,21.602,21.183,0.419,8420.015,0,0.000,0,4,48,0
4625,8148342048.016,8148342062.198,8148347117.740,1500.825,5069.724,3568.899,14.182,3554.717,4930.276,0,0.000,1,4,48,0
4626,8148356024.166,8148356044.226,8148357568.760,1524.061,1544.594,20.533,20.060,0.473,8455.406,0,0.000,0,4,48,0
4627,8148365815.844,8148365835.421,8148367335.670,1499.828,1519.826,19.998,19.577,0.421,8480.174,0,0.000,0,4,48,0
4628,8148378163.278,8148378186.250,8148379667.332,1480.583,1504.054,23.471,22.972,0.499,8495.946,0,0.000,0,4,48,0
4629,8148391535.069,8148391554.496,8148393067.773,1512.727,1532.704,19.977,19.427,0.550,8467.296,0,0.000,0,4,48,0
4630,8148398405.815,8148398422.223,8148402590.570,1629.247,4184.755,2555.508,16.408,2539.100,5815.245,0,0.000,1,4,48,0
4631,8148403825.037,8148403839.116,8148411984.589,1603.997,8159.552,6555.555,14.079,6541.476,1840.448,0,0.000,1,4,48,0
4632,8148411851.136,8148411988.703,8148421553.978,1492.535,9702.842,8210.307,137.567,8072.740,297.158,0,0.000,1,4,48,0
4633,8148423903.212,8148423922.957,8148425461.239,1537.858,1558.027,20.169,19.745,0.424,8441.973,0,0.000,0,4,48,0
4634,8148435617.591,8148435636.619,8148437239.986,1602.957,1622.395,19.438,19.028,0.410,8377.605,0,0.000,0,4,48,0
4635,8148444330.450,8148444346.413,8148445865.454,1518.611,1535.004,16.393,15.963,0.430,8464.996,0,0.000,0,4,48,0
4636,8148451909.685,8148451924.719,8148454823.246,1566.264,2913.561,1347.297,15.034,1332.263,7086.439,0,0.000,1,4,48,0
4637,8148460159.192,8148460174.120,8148461697.885,1523.362,1538.693,15.331,14.928,0.403,8461.307,0,0.000,0,4,48,0
4638,8148465588.507,8148465601.896,8148470280.764,1516.727,4692.257,3175.530,13.389,3162.141,5307.743,0,0.000,1,4,48,0
4639,8148480663.229,8148480682.499,8148482283.848,1600.928,1620.619,19.691,19.270,0.421,8379.381,0,0.000,0,4,48,0
4640,8148487518.554,8148487533.126,8148491732.224,1532.373,4213.670,2681.297,14.572,2666.725,5786.330,0,0.000,1,4,48,0
4641,8148493157.615,8148493177.709,8148501359.318,1504.475,8201.703,6697.228,20.094,6677.134,1798.297,0,0.000,1,4,48,0
4642,8148508095.477,8148508116.720,8148509773.583,1656.444,1678.106,21.662,21.243,0.419,8321.894,0,0.000,0,4,48,0
4643,8148518767.840,8148518781.868,8148520308.121,1525.770,1540.281,14.511,14.028,0.483,8459.719,0,0.000,0,4,48,0
4644,8148527837.416,8148527856.267,8148529369.910,1513.234,1532.494,19.260,18.851,0.409,8467.506,0,0.000,0,4,48,0
4645,8148536968.455,8148536987.839,8148538577.941,1589.704,1609.486,19.782,19.384,0.398,8390.514,0,0.000,0,4,48,0
4646,8148548030.869,8148548050.289,8148549652.828,1602.123,1621.959,19.836,19.420,0.416,8378.041,0,0.000,0,4,48,0
4647,8148555841.676,8148555858.901,8148558506.478,1616.956,2664.802,1047.846,17.225,1030.621,7335.198,0,0.000,1,4,48,0
4648,8148570012.286,8148570033.054,8148571521.644,1488.188,1509.358,21.170,20.768,0.402,8490.642,0,0.000,0,4,48,0
4649,8148584678.870,8148584701.016,8148586219.362,1517.815,1540.492,22.677,22.146,0.531,8459.508,0,0.000,0,4,48,0
4650,8148592752.570,8148592767.331,8148594264.528,1496.766,1511.958,15.192,14.761,0.431,8488.042,0,0.000,0,4,48,0
4651,8148605744.105,8148605764.190,8148607353.533,1588.900,1609.428,20.528,20.085,0.443,8390.572,0,0.000,0,4,48,0
4652,8148615861.568,8148615875.997,8148617439.837,1563.423,1578.269,14.846,14.429,0.417,8421.731,0,0.000,0,4,48,0
4653,8148624696.163,8148624715.596,8148626250.141,1534.116,1553.978,19.862,19.433,0.429,8446.022,0,0.000,0,4,48,0
4654,8148630663.997,8148630680.454,8148634908.403,1527.239,4244.406,2717.167,16.457,2700.710,5755.594,0,0.000,1,4,48,0
4655,8148641725.448,8148641744.613,8148643292.774,1547.677,1567.326,19.649,19.165,0.484,8432.674,0,0.000,0,4,48,0
4656,8148647360.886,8148647375.060,8148652646.436,1542.016,5285.550,3743.534,14.174,3729.360,4714.450,0,0.000,1,4,48,0
4657,8148653945.142,8148653966.789,8148662225.209,1514.826,8280.067,6765.241,21.647,6743.594,1719.933,0,0.000,1,4,48,0
4658,8148661496.619,8148662229.384,8148671753.882,1569.435,10257.263,8687.828,732.765,7955.063,-257.263,1,257.263,1,4,48,0
4659,8148672936.678,8148672956.839,8148674476.495,1519.228,1539.817,20.589,20.161,0.428,8460.183,0,0.000,0,4,48,0
4660,8148677875.972,8148677891.337,8148682188.861,1569.492,4312.889,2743.397,15.365,2728.032,5687.111,0,0.000,1,4,48,0
4661,8148689832.147,8148689851.380,8148691462.655,1610.859,1630.508,19.649,19.233,0.416,8369.492,0,0.000,0,4,48,0
4662,8148698740.095,8148698754.562,8148700263.244,1508.284,1523.149,14.865,14.467,0.398,8476.851,0,0.000,0,4,48,0
4663,8148705615.981,8148705629.897,8148708964.163,1591.986,3348.182,1756.196,13.916,1742.280,6651.818,0,0.000,1,4,48,0
4664,8148715647.772,8148715661.402,8148717148.717,1486.896,1500.945,14.049,13.630,0.419,8499.055,0,0.000,0,4,48,0
4665,8148725159.604,8148725179.047,8148726702.929,1523.400,1543.325,19.925,19.443,0.482,8456.675,0,0.000,0,4,48,0
4666,8148733154.122,8148733167.622,8148734661.030,1493.011,1506.908,13.897,13.500,0.397,8493.092,0,0.000,0,4,48,0
4667,8148745259.948,8148745291.582,8148746853.709,1560.969,1593.761,32.792,31.634,1.158,8406.239,0,0.000,0,4,48,0
4668,8148752102.009,8148752125.892,8148755946.928,1556.622,3844.919,2288.297,23.883,2264.414,6155.081,0,0.000,1,4,48,0
4669,8148765925.653,8148765948.204,8148767389.332,1440.389,1463.679,23.290,22.551,0.739,8536.321,0,0.000,0,4,48,0
4670,8148779994.684,8148780030.798,8148781552.984,1521.710,1558.300,36.590,36.114,0.476,8441.700,0,0.000,0,4,48,0
4671,8148786320.094,8148786343.421,8148790927.852,1569.643,4607.758,3038.115,23.327,3014.788,5392.242,0,0.000,1,4,48,0
4672,8148800126.637,8148800147.180,8148801710.759,1563.065,1584.122,21.057,20.543,0.514,8415.878,0,0.000,0,4,48,0
4673,8148813827.397,8148813847.392,8148815450.815,1603.009,1623.418,20.409,19.995,0.414,8376.582,0,0.000,0,4,48,0
4674,8148826206.361,8148826227.544,8148827730.565,1502.591,1524.204,21.613,21.183,0.430,8475.796,0,0.000,0,4,48,0
4675,8148835166.007,8148835184.769,8148836699.965,1514.756,1533.958,19.202,18.762,0.440,8466.042,0,0.000,0,4,48,0
4676,8148846235.523,8148846254.752,8148847798.457,1543.263,1562.934,19.671,19.229,0.442,8437.066,0,0.000,0,4,48,0
4677,8148860265.182,8148860284.592,8148861791.286,1506.170,1526.104,19.934,19.410,0.524,8473.896,0,0.000,0,4,48,0
4678,8148871364.118,8148871386.552,8148872937.253,1549.999,1573.135,23.136,22.434,0.702,8426.865,0,0.000,0,4,48,0
4679,8148885124.979,8148885145.479,8148886683.996,1537.940,1559.017,21.077,20.500,0.577,8440.983,0,0.000,0,4,48,0
4680,8148899033.086,8148899053.413,8148900534.583,1480.550,1501.497,20.947,20.327,0.620,8498.503,0,0.000,0,4,48,0
4681,8148906166.319,8148906186.003,8148909735.423,1512.314,3569.104,2056.790,19.684,2037.106,6430.896,0,0.000,1,4,48,0
4682,8148919747.502,8148919766.428,8148921280.269,1513.445,1532.767,19.322,18.926,0.396,8467.233,0,0.000,0,4,48,0
4683,8148925185.460,8148925206.922,8148930644.485,1686.707,5459.025,3772.318,21.462,3750.856,4540.975,0,0.000,1,4,48,0
4684,8148934090.599,8148934111.337,8148940454.955,1589.615,6364.356,4774.741,20.738,4754.003,3635.644,0,0.000,1,4,48,0
4685,8148946821.881,8148946845.602,8148948449.398,1603.340,1627.517,24.177,23.721,0.456,8372.483,0,0.000,0,4,48,0
4686,8148961076.052,8148961095.473,8148962640.361,1544.405,1564.309,19.904,19.421,0.483,8435.691,0,0.000,0,4,48,0
4687,8148974940.341,8148974959.811,8148976542.696,1582.458,1602.355,19.897,19.470,0.427,8397.645,0,0.000,0,4,48,0
4688,8148986849.447,8148986869.224,8148988467.265,1597.553,1617.818,20.265,19.777,0.488,8382.182,0,0.000,0,4,48,0
4689,8148994105.932,8148994126.125,8148997550.329,1570.510,3444.397,1873.887,20.193,1853.694,6555.603,0,0.000,1,4,48,0
4690,8149002347.045,8149002367.936,8149006881.113,1493.260,4534.068,3040.808,20.891,3019.917,5465.932,0,0.000,1,4,48,0
4691,8149016473.666,8149016509.106,8149018119.640,1609.256,1645.974,36.718,35.440,1.278,8354.026,0,0.000,0,4,48,0
4692,8149031218.904,8149031245.846,8149032789.743,1542.990,1570.839,27.849,26.942,0.907,8429.161,0,0.000,0,4,48,0
4693,8149042381.011,8149042402.372,8149043889.625,1486.729,1508.614,21.885,21.361,0.524,8491.386,0,0.000,0,4,48,0
4694,8149051647.860,8149051662.655,8149053315.318,1652.202,1667.458,15.256,14.795,0.461,8332.542,0,0.000,0,4,48,0
4695,8149056877.293,8149056891.867,8149062115.857,1572.406,5238.564,3666.158,14.574,3651.584,4761.436,0,0.000,1,4,48,0
4696,8149070283.430,8149070303.856,8149071736.849,1432.582,1453.419,20.837,20.426,0.411,8546.581,0,0.000,0,4,48,0
4697,8149082203.313,8149082223.089,8149083763.991,1540.430,1560.678,20.248,19.776,0.472,8439.322,0,0.000,0,4,48,0
4698,8149094941.789,8149094970.701,8149096470.871,1499.298,1529.082,29.784,28.912,0.872,8470.918,0,0.000,0,4,48,0
4699,8149104196.470,8149104217.996,8149105725.871,1507.279,1529.401,22.122,21.526,0.596,8470.599,0,0.000,0,4,48,0
4700,8149115246.783,8149115266.741,8149116789.103,1521.935,1542.320,20.385,19.958,0.427,8457.680,0,0.000,0,4,48,0
4701,8149126725.839,8149126745.347,8149128343.296,1597.369,1617.457,20.088,19.508,0.580,8382.543,0,0.000,0,4,48,0
4702,8149135015.143,8149135032.791,8149136654.848,1621.461,1639.705,18.244,17.648,0.596,8360.295,0,0.000,0,4,48,0
4703,8149141174.254,8149141188.233,8149145779.973,1573.918,4605.719,3031.801,13.979,3017.822,5394.281,0,0.000,1,4,48,0
4704,8149155213.123,8149155232.764,8149156766.033,1532.781,1552.910,20.129,19.641,0.488,8447.090,0,0.000,0,4,48,0
4705,8149163985.122,8149164009.917,8149165574.067,1563.669,1588.945,25.276,24.795,0.481,8411.055,0,0.000,0,4,48,0
4706,8149170598.673,8149170620.972,8149174228.691,1620.433,3630.018,2009.585,22.299,1987.286,6369.982,0,0.000,1,4,48,0
4707,8149178257.539,8149178272.083,8149184006.863,1572.746,5749.324,4176.578,14.544,4162.034,4250.676,0,0.000,1,4,48,0
4708,8149191432.276,8149191451.574,8149192935.417,1483.266,1503.141,19.875,19.298,0.577,8496.859,0,0.000,0,4,48,0
4709,8149204487.645,8149204508.236,8149206096.364,1587.696,1608.719,21.023,20.591,0.432,8391.281,0,0.000,0,4,48,0
4710,8149213895.059,8149213909.279,8149215428.062,1518.365,1533.003,14.638,14.220,0.418,8466.997,0,0.000,0,4,48,0
4711,8149221902.087,8149221921.103,8149223472.331,1550.604,1570.244,19.640,19.016,0.624,8429.756,0,0.000,0,4,48,0
4712,8149231008.888,8149231027.148,8149232547.199,1519.593,1538.311,18.718,18.260,0.458,8461.689,0,0.000,0,4,48,0
4713,8149237731.441,8149237745.832,8149241360.146,1587.434,3628.705,2041.271,14.391,2026.880,6371.295,0,0.000,1,4,48,0
4714,8149249430.686,8149249450.017,8149250973.654,1523.177,1542.968,19.791,19.331,0.460,8457.032,0,0.000,0,4,48,0
4715,8149260704.259,8149260731.198,8149262269.155,1537.111,1564.896,27.785,26.939,0.846,8435.104,0,0.000,0,4,48,0
4716,8149269191.114,8149269207.140,8149270730.331,1522.656,1539.217,16.561,16.026,0.535,8460.783,0,0.000,0,4,48,0
4717,8149279420.645,8149279435.680,8149280979.263,1543.002,1558.618,15.616,15.035,0.581,8441.382,0,0.000,0,4,48,0
4718,8149285786.450,8149285805.539,8149289843.222,1613.967,4056.772,2442.805,19.089,2423.716,5943.228,0,0.000,1,4,48,0
4719,8149299295.524,8149299313.841,8149300834.762,1520.390,1539.238,18.848,18.317,0.531,8460.762,0,0.000,0,4,48,0
4720,8149312713.077,8149312732.433,8149314300.036,1567.156,1586.959,19.803,19.356,0.447,8413.041,0,0.000,0,4,48,0
4721,8149319743.707,8149319757.738,8149322959.185,1483.168,3215.478,1732.310,14.031,1718.279,6784.522,0,0.000,1,4,48,0
4722,8149326100.646,8149326121.061,8149332732.921,1548.814,6632.275,5083.461,20.415,5063.046,3367.725,0,0.000,1,4,48,0
4723,8149331150.172,8149332747.861,8149342744.004,1496.273,11593.832,10097.559,1597.689,8499.870,-1593.832,1,1593.832,1,4,48,0
4724,8149336624.741,8149342749.026,8149344231.243,1481.781,7606.502,6124.721,6124.285,0.436,2393.498,0,0.000,0,4,48,0
4725,8149350047.027,8149350066.515,8149353408.214,1624.522,3361.187,1736.665,19.488,1717.177,6638.813,0,0.000,1,4,48,0
4726,8149362580.556,8149362600.023,8149364166.484,1565.991,1585.928,19.937,19.467,0.470,8414.072,0,0.000,0,4,48,0
4727,8149372071.276,8149372085.234,8149373594.218,1508.584,1522.942,14.358,13.958,0.400,8477.058,0,0.000,0,4,48,0
4728,8149379243.798,8149379261.704,8149382902.337,1566.453,3658.539,2092.086,17.906,2074.180,6341.461,0,0.000,1,4,48,0
4729,8149385937.988,8149385952.816,8149392534.125,1497.943,6596.137,5098.194,14.828,5083.366,3403.863,0,0.000,1,4,48,0
4730,8149399936.254,8149399956.949,8149401528.184,1570.826,1591.930,21.104,20.695,0.409,8408.070,0,0.000,0,4,48,0
4731,8149409891.756,8149409905.808,8149411390.744,1484.481,1498.988,14.507,14.052,0.455,8501.012,0,0.000,0,4,48,0
4732,8149422011.475,8149422033.694,8149423596.106,1562.001,1584.631,22.630,22.219,0.411,8415.369,0,0.000,0,4,48,0
4733,8149435642.247,8149435661.524,8149437215.736,1553.785,1573.489,19.704,19.277,0.427,8426.511,0,0.000,0,4,48,0
4734,8149441328.325,8149441345.158,8149446532.360,1539.103,5204.035,3664.932,16.833,3648.099,4795.965,0,0.000,1,4,48,0
4735,8149447428.794,8149447445.897,8149455667.157,1511.278,8238.363,6727.085,17.103,6709.982,1761.637,0,0.000,1,4,48,0
4736,8149455310.545,8149455671.729,8149465792.997,1467.918,10482.452,9014.534,361.184,8653.350,-482.452,1,482.452,1,4,48,0
4737,8149461648.314,8149465797.713,8149467323.692,1525.588,5675.378,4149.790,4149.399,0.391,4324.622,0,0.000,0,4,48,0
4738,8149468239.723,8149468260.068,8149476470.583,1561.450,8230.860,6669.410,20.345,6649.065,1769.140,0,0.000,1,4,48,0
4739,8149478730.820,8149478752.076,8149485952.415,1527.939,7221.595,5693.656,21.256,5672.400,2778.405,0,0.000,1,4,48,0
4740,8149491911.794,8149491931.824,8149493474.589,1542.355,1562.795,20.440,20.030,0.410,8437.205,0,0.000,0,4,48,0
4741,8149498435.248,8149498449.425,8149503011.153,1645.638,4575.905,2930.267,14.177,2916.090,5424.095,0,0.000,1,4,48,0
4742,8149507999.327,8149508018.863,8149512468.932,1534.215,4469.605,2935.390,19.536,2915.854,5530.395,0,0.000,1,4,48,0
4743,8149517333.802,8149517348.036,8149518892.263,1543.636,1558.461,14.825,14.234,0.591,8441.539,0,0.000,0,4,48,0
4744,8149532031.397,8149532053.154,8149533590.942,1537.396,1559.545,22.149,21.757,0.392,8440.455,0,0.000,0,4,48,0
4745,8149546142.040,8149546161.315,8149547684.745,1523.024,1542.705,19.681,19.275,0.406,8457.295,0,0.000,0,4,48,0
4746,8149556721.414,8149556735.937,8149558228.860,1492.499,1507.446,14.947,14.523,0.424,8492.554,0,0.000,0,4,48,0
4747,8149568904.837,8149568924.275,8149570570.150,1645.473,1665.313,19.840,19.438,0.402,8334.687,0,0.000,0,4,48,0
4748,8149575229.830,8149575244.601,8149579794.617,1639.236,4564.787,2925.551,14.771,2910.780,5435.213,0,0.000,1,4,48,0
4749,8149587182.712,8149587202.692,8149588789.547,1586.335,1606.835,20.500,19.980,0.520,8393.165,0,0.000,0,4,48,0
4750,8149592273.612,8149592289.465,8149597989.501,1510.133,5715.889,4205.756,15.853,4189.903,4284.111,0,0.000,1,4,48,0
4751,8149604395.850,8149604415.390,8149605934.571,1518.758,1538.721,19.963,19.540,0.423,8461.279,0,0.000,0,4,48,0
4752,8149609564.825,8149609584.120,8149614678.464,1692.540,5113.639,3421.099,19.295,3401.804,4886.361,0,0.000,1,4,48,0
4753,8149624250.932,8149624270.616,8149625743.852,1472.829,1492.920,20.091,19.684,0.407,8507.080,0,0.000,0,4,48,0
4754,8149631222.552,8149631242.454,8149634937.099,1439.574,3714.547,2274.973,19.902,2255.071,6285.453,0,0.000,1,4,48,0
4755,8149638998.972,8149639018.771,8149644274.642,1541.858,5275.670,3733.812,19.799,3714.013,4724.330,0,0.000,1,4,48,0
4756,8149648475.538,8149648495.502,8149649968.444,1472.518,1492.906,20.388,19.964,0.424,8507.094,0,0.000,0,4,48,0
4757,8149661759.892,8149661781.786,8149663280.165,1497.940,1520.273,22.333,21.894,0.439,8479.727,0,0.000,0,4,48,0
4758,8149671095.352,8149671109.316,8149672660.800,1551.061,1565.448,14.387,13.964,0.423,8434.552,0,0.000,0,4,48,0
4759,8149685415.760,8149685436.374,8149686962.409,1525.593,1546.649,21.056,20.614,0.442,8453.351,0,0.000,0,4,48,0
4760,8149699966.054,8149699986.240,8149701571.220,1584.554,1605.166,20.612,20.186,0.426,8394.834,0,0.000,0,4,48,0
4761,8149705147.238,8149705161.784,8149710640.032,1498.385,5492.794,3994.409,14.546,3979.863,4507.206,0,0.000,1,4,48,0
4762,8149714383.365,8149714404.137,8149719996.187,1559.544,5612.822,4053.278,20.772,4032.506,4387.178,0,0.000,1,4,48,0
4763,8149722393.664,8149722409.367,8149730007.133,1511.247,7613.469,6102.222,15.703,6086.519,2386.531,0,0.000,1,4,48,0
4764,8149735377.665,8149735398.492,8149736893.056,1494.121,1515.391,21.270,20.827,0.443,8484.609,0,0.000,0,4,48,0
4765,8149749147.704,8149749167.983,8149750651.470,1482.978,1503.766,20.788,20.279,0.509,8496.234,0,0.000,0,4,48,0
4766,8149761701.570,8149761721.359,8149763210.940,1489.170,1509.370,20.200,19.789,0.411,8490.630,0,0.000,0,4,48,0
4767,8149768332.441,8149768349.427,8149772610.020,1554.531,4277.579,2723.048,16.986,2706.062,5722.421,0,0.000,1,4,48,0
4768,8149777384.939,8149777404.565,8149779064.020,1659.053,1679.081,20.028,19.626,0.402,8320.919,0,0.000,0,4,48,0
4769,8149785061.731,8149785078.150,8149788012.720,1548.079,2950.989,1402.910,16.419,1386.491,7049.011,0,0.000,1,4,48,0
4770,8149798630.204,8149798651.359,8149800177.584,1525.625,1547.380,21.755,21.155,0.600,8452.620,0,0.000,0,4,48,0
4771,8149811868.635,8149811890.924,8149813518.172,1626.762,1649.537,22.775,22.289,0.486,8350.463,0,0.000,0,4,48,0
4772,8149825180.287,8149825200.867,8149826828.239,1626.903,1647.952,21.049,20.580,0.469,8352.048,0,0.000,0,4,48,0
4773,8149831776.876,8149831793.595,8149835512.490,1534.140,3735.614,2201.474,16.719,2184.755,6264.386,0,0.000,1,4,48,0
4774,8149843292.572,8149843314.090,8149844906.032,1591.521,1613.460,21.939,21.518,0.421,8386.540,0,0.000,0,4,48,0
4775,8149852155.218,8149852169.137,8149853785.728,1616.148,1630.510,14.362,13.919,0.443,8369.490,0,0.000,0,4,48,0
4776,8149863487.676,8149863508.534,8149865127.309,1618.272,1639.633,21.361,20.858,0.503,8360.367,0,0.000,0,4,48,0
4777,8149870126.103,8149870141.128,8149874241.984,1608.619,4115.881,2507.262,15.025,2492.237,5884.119,0,0.000,1,4,48,0
4778,8149883394.800,8149883422.434,8149884939.015,1515.871,1544.215,28.344,27.634,0.710,8455.785,0,0.000,0,4,48,0
4779,8149891550.787,8149891566.785,8149893057.461,1489.959,1506.674,16.715,15.998,0.717,8493.326,0,0.000,0,4,48,0
4780,8149906202.005,8149906227.310,8149907892.344,1664.497,1690.339,25.842,25.305,0.537,8309.661,0,0.000,0,4,48,0
4781,8149919583.377,8149919605.207,8149921196.805,1591.108,1613.428,22.320,21.830,0.490,8386.572,0,0.000,0,4,48,0
4782,8149927271.629,8149927287.460,8149930396.987,1520.290,3125.358,1605.068,15.831,1589.237,6874.642,0,0.000,1,4,48,0
4783,8149937596.328,8149937613.170,8149939151.232,1537.598,1554.904,17.306,16.842,0.464,8445.096,0,0.000,0,4,48,0
4784,8149944795.102,8149944815.772,8149947986.005,1571.040,3190.903,1619.863,20.670,1599.193,6809.097,0,0.000,1,4,48,0
4785,8149950071.802,8149950086.103,8149958213.292,1519.766,8141.490,6621.724,14.301,6607.423,1858.510,0,0.000,1,4,48,0
4786,8149957792.976,8149958217.968,8149967613.313,1484.797,9820.337,8335.540,424.992,7910.548,179.663,0,0.000,1,4,48,0
4787,8149971660.461,8149971680.200,8149973239.099,1558.361,1578.638,20.277,19.739,0.538,8421.362,0,0.000,0,4,48,0
4788,8149977961.426,8149977982.076,8149982218.810,1572.029,4257.384,2685.355,20.650,2664.705,5742.616,0,0.000,1,4,48,0
4789,8149988065.750,8149988081.671,8149989612.001,1529.856,1546.251,16.395,15.921,0.474,8453.749,0,0.000,0,4,48,0
4790,8150002277.729,8150002301.263,8150003826.993,1525.194,1549.264,24.070,23.534,0.536,8450.736,0,0.000,0,4,48,0
4791,8150009575.562,8150009590.952,8150012392.835,1519.419,2817.273,1297.854,15.390,1282.464,7182.727,0,0.000,1,4,48,0
4792,8150020586.223,8150020606.526,8150022170.493,1563.512,1584.270,20.758,20.303,0.455,8415.730,0,0.000,0,4,48,0
4793,8150026041.920,8150026056.842,8150031207.832,1560.580,5165.912,3605.332,14.922,3590.410,4834.088,0,0.000,1,4,48,0
4794,8150033263.190,8150033276.999,8150040603.850,1508.033,7340.660,5832.627,13.809,5818.818,2659.340,0,0.000,1,4,48,0
4795,8150048039.211,8150048059.111,8150049661.043,1601.522,1621.832,20.310,19.900,0.410,8378.168,0,0.000,0,4,48,0
4796,8150059137.768,8150059157.390,8150060667.156,1509.322,1529.388,20.066,19.622,0.444,8470.612,0,0.000,0,4,48,0
4797,8150071671.335,8150071698.450,8150073295.440,1596.521,1624.105,27.584,27.115,0.469,8375.895,0,0.000,0,4,48,0
4798,8150085332.289,8150085351.811,8150086926.138,1573.902,1593.849,19.947,19.522,0.425,8406.151,0,0.000,0,4,48,0
4799,8150093691.780,8150093723.889,8150095247.060,1521.916,1555.280,33.364,32.109,1.255,8444.720,0,0.000,0,4,48,0
4800,8150105545.732,8150105566.797,8150107175.887,1608.575,1630.155,21.580,21.065,0.515,8369.845,0,0.000,0,4,48,0
4801,8150115637.407,8150115657.865,8150117230.487,1572.204,1593.080,20.876,20.458,0.418,8406.920,0,0.000,0,4,48,0
4802,8150120690.319,8150120711.006,8150125853.397,1498.822,5163.078,3664.256,20.687,3643.569,4836.922,0,0.000,1,4,48,0
4803,8150128764.562,8150128779.409,8150136040.904,1619.182,7276.342,5657.160,14.847,5642.313,2723.658,0,0.000,1,4,48,0
4804,8150143495.889,8150143516.268,8150145083.823,1567.127,1587.934,20.807,20.379,0.428,8412.066,0,0.000,0,4,48,0
4805,8150152655.773,8150152674.905,8150154259.080,1583.682,1603.307,19.625,19.132,0.493,8396.693,0,0.000,0,4,48,0
4806,8150159246.578,8150159263.764,8150163547.687,1626.041,4301.109,2675.068,17.186,2657.882,5698.891,0,0.000,1,4,48,0
4807,8150164542.520,8150164557.277,8150172873.644,1656.110,8331.124,6675.014,14.757,6660.257,1668.876,0,0.000,1,4,48,0
4808,8150174490.539,8150174510.795,8150182787.922,1608.987,8297.383,6688.396,20.256,6668.140,1702.617,0,0.000,1,4,48,0
4809,8150188031.624,8150188054.631,8150189582.142,1526.960,1550.518,23.558,23.007,0.551,8449.482,0,0.000,0,4,48,0
4810,8150200388.628,8150200412.394,8150201985.800,1572.795,1597.172,24.377,23.766,0.611,8402.828,0,0.000,0,4,48,0
4811,8150214284.843,8150214308.882,8150215817.011,1507.534,1532.168,24.634,24.039,0.595,8467.832,0,0.000,0,4,48,0
4812,8150224250.479,8150224266.937,8150225771.153,1503.795,1520.674,16.879,16.458,0.421,8479.326,0,0.000,0,4,48,0
4813,8150231996.638,8150232017.528,8150233574.720,1556.504,1578.082,21.578,20.890,0.688,8421.918,0,0.000,0,4,48,0
4814,8150246422.150,8150246441.668,8150247957.202,1514.908,1535.052,20.144,19.518,0.626,8464.948,0,0.000,0,4,48,0
4815,8150259258.527,8150259281.335,8150260738.391,1456.500,1479.864,23.364,22.808,0.556,8520.136,0,0.000,0,4,48,0
4816,8150270145.211,8150270166.937,8150271695.642,1528.064,1550.431,22.367,21.726,0.641,8449.569,0,0.000,0,4,48,0
4817,8150278169.502,8150278190.848,8150279706.012,1514.670,1536.510,21.840,21.346,0.494,8463.490,0,0.000,0,4,48,0
4818,8150289392.776,8150289413.376,8150291037.190,1623.302,1644.414,21.112,20.600,0.512,8355.586,0,0.000,0,4,48,0
4819,8150294504.357,8150294519.395,8150300426.961,1504.125,5922.604,4418.479,15.038,4403.441,4077.396,0,0.000,1,4,48,0
4820,8150302806.920,8150302822.190,8150309800.405,1579.736,6993.485,5413.749,15.270,5398.479,3006.515,0,0.000,1,4,48,0
4821,8150309794.055,8150309804.678,8150319425.316,1539.674,9631.261,8091.587,10.623,8080.964,368.739,0,0.000,1,4,48,0
4822,8150317534.546,8150319429.997,8150320949.935,1519.523,3415.389,1895.866,1895.451,0.415,6584.611,0,0.000,0,4,48,0
4823,8150324852.769,8150324867.461,8150330807.795,1542.544,5955.026,4412.482,14.692,4397.790,4044.974,0,0.000,1,4,48,0
4824,8150336908.885,8150336930.575,8150338449.168,1518.156,1540.283,22.127,21.690,0.437,8459.717,0,0.000,0,4,48,0
4825,8150343853.893,8150343869.799,8150347287.497,1503.980,3433.604,1929.624,15.906,1913.718,6566.396,0,0.000,1,4,48,0
4826,8150358502.330,8150358522.925,8150360064.386,1541.063,1562.056,20.993,20.595,0.398,8437.944,0,0.000,0,4,48,0
4827,8150368701.539,8150368717.150,8150370258.658,1540.862,1557.119,16.257,15.611,0.646,8442.881,0,0.000,0,4,48,0
4828,8150381106.044,8150381128.425,8150382672.386,1543.550,1566.342,22.792,22.381,0.411,8433.658,0,0.000,0,4,48,0
4829,8150387913.552,8150387929.487,8150391558.532,1518.075,3644.980,2126.905,15.935,2110.970,6355.020,0,0.000,1,4,48,0
4830,8150393597.128,8150393611.773,8150401232.988,1507.763,7635.860,6128.097,14.645,6113.452,2364.140,0,0.000,1,4,48,0
4831,8150400296.639,8150401237.373,8150411139.191,1480.966,10842.552,9361.586,940.734,8420.852,-842.552,1,842.552,1,4,48,0
4832,8150412355.814,8150412377.648,8150413990.703,1612.536,1634.889,22.353,21.834,0.519,8365.111,0,0.000,0,4,48,0
4833,8150424672.985,8150424694.813,8150426217.197,1521.898,1544.212,22.314,21.828,0.486,8455.788,0,0.000,0,4,48,0
4834,8150435098.240,8150435115.114,8150436697.199,1581.521,1598.959,17.438,16.874,0.564,8401.041,0,0.000,0,4,48,0
4835,8150442748.944,8150442769.143,8150445384.660,1513.910,2635.716,1121.806,20.199,1101.607,7364.284,0,0.000,1,4,48,0
4836,8150454346.922,8150454366.457,8150455927.463,1560.529,1580.541,20.012,19.535,0.477,8419.459,0,0.000,0,4,48,0
4837,8150467248.255,8150467267.660,8150468846.034,1577.880,1597.779,19.899,19.405,0.494,8402.221,0,0.000,0,4,48,0
4838,8150481532.537,8150481553.702,8150483120.329,1566.154,1587.792,21.638,21.165,0.473,8412.208,0,0.000,0,4,48,0
4839,8150494465.823,8150494485.358,8150495983.329,1497.474,1517.506,20.032,19.535,0.497,8482.494,0,0.000,0,4,48,0
4840,8150499938.432,8150499958.494,8150505037.685,1596.476,5099.253,3502.777,20.062,3482.715,4900.747,0,0.000,1,4,48,0
4841,8150505883.720,8150505905.733,8150514879.639,1501.541,8995.919,7494.378,22.013,7472.365,1004.081,0,0.000,1,4,48,0
4842,8150515436.007,8150515449.939,8150524483.481,1522.579,9047.474,7524.895,13.932,7510.963,952.526,0,0.000,1,4,48,0
4843,8150524375.422,8150524488.386,8150526083.349,1594.571,1707.927,113.356,112.964,0.392,8292.073,0,0.000,0,4,48,0
4844,8150539019.438,8150539038.730,8150540547.965,1508.822,1528.527,19.705,19.292,0.413,8471.473,0,0.000,0,4,48,0
4845,8150551562.618,8150551583.442,8150553179.566,1595.702,1616.948,21.246,20.824,0.422,8383.052,0,0.000,0,4,48,0
4846,8150558251.152,8150558266.526,8150562356.235,1524.665,4105.083,2580.418,15.374,2565.044,5894.917,0,0.000,1,4,48,0
4847,8150564837.984,8150564860.234,8150571959.321,1526.794,7121.337,5594.543,22.250,5572.293,2878.663,0,0.000,1,4,48,0
4848,8150570005.795,8150571963.504,8150581582.370,1523.546,11576.575,10053.029,1957.709,8095.320,-1576.575,1,1576.575,1,4,48,0
4849,8150584177.982,8150584198.190,8150585760.789,1562.067,1582.807,20.740,20.208,0.532,8417.193,0,0.000,0,4,48,0
4850,8150595809.228,8150595834.589,8150597345.811,1510.401,1536.583,26.182,25.361,0.821,8463.417,0,0.000,0,4,48,0
4851,8150603064.365,8150603083.290,8150606398.695,1501.404,3334.330,1832.926,18.925,1814.001,6665.670,0,0.000,1,4,48,0
4852,8150615828.037,8150615849.007,8150617370.062,1520.568,1542.025,21.457,20.970,0.487,8457.975,0,0.000,0,4,48,0
4853,8150629826.150,8150629845.540,8150631399.243,1553.209,1573.093,19.884,19.390,0.494,8426.907,0,0.000,0,4,48,0
4854,8150642441.440,8150642461.134,8150643946.818,1485.244,1505.378,20.134,19.694,0.440,8494.622,0,0.000,0,4,48,0
4855,8150654115.206,8150654134.811,8150655577.881,1442.637,1462.675,20.038,19.605,0.433,8537.325,0,0.000,0,4,48,0
4856,8150659278.964,8150659294.061,8150664937.892,1522.493,5658.928,4136.435,15.097,4121.338,4341.072,0,0.000,1,4,48,0
4857,8150672034.683,8150672053.878,8150673586.576,1532.213,1551.893,19.680,19.195,0.485,8448.107,0,0.000,0,4,48,0
4858,8150684906.178,8150684926.926,8150686456.414,1528.981,1550.236,21.255,20.748,0.507,8449.764,0,0.000,0,4,48,0
4859,8150698862.815,8150698881.817,8150700401.588,1519.349,1538.773,19.424,19.002,0.422,8461.227,0,0.000,0,4,48,0
4860,8150706527.731,8150706549.113,8150710012.550,1595.114,3484.819,1889.705,21.382,1868.323,6515.181,0,0.000,1,4,48,0
4861,8150713706.429,8150713726.631,8150719147.600,1552.302,5441.171,3888.869,20.202,3868.667,4558.829,0,0.000,1,4,48,0
4862,8150727565.694,8150727585.090,8150729148.095,1562.528,1582.401,19.873,19.396,0.477,8417.599,0,0.000,0,4,48,0
4863,8150740877.928,8150740908.748,8150742480.724,1571.036,1602.796,31.760,30.820,0.940,8397.204,0,0.000,0,4,48,0
4864,8150753216.292,8150753238.412,8150754888.724,1649.780,1672.432,22.652,22.120,0.532,8327.568,0,0.000,0,4,48,0
4865,8150758900.008,8150758930.421,8150763680.631,1527.676,4780.623,3252.947,30.413,3222.534,5219.377,0,0.000,1,4,48,0
4866,8150765918.960,8150765939.623,8150773705.810,1545.527,7786.850,6241.323,20.663,6220.660,2213.150,0,0.000,1,4,48,0
4867,8150774551.784,8150774565.886,8150783318.175,1530.056,8766.391,7236.335,14.102,7222.233,1233.609,0,0.000,1,4,48,0
4868,8150786629.447,8150786648.989,8150788164.193,1514.708,1534.746,20.038,19.542,0.496,8465.254,0,0.000,0,4,48,0
4869,8150795957.114,8150795972.467,8150797519.864,1546.996,1562.750,15.754,15.353,0.401,8437.250,0,0.000,0,4,48,0
4870,8150811091.934,8150811111.894,8150812585.527,1473.210,1493.593,20.383,19.960,0.423,8506.407,0,0.000,0,4,48,0
4871,8150824913.647,8150824931.962,8150826477.578,1545.101,1563.931,18.830,18.315,0.515,8436.069,0,0.000,0,4,48,0
4872,8150837317.259,8150837338.851,8150838847.764,1508.349,1530.505,22.156,21.592,0.564,8469.495,0,0.000,0,4,48,0
4873,8150847540.448,8150847567.253,8150849172.818,1605.135,1632.370,27.235,26.805,0.430,8367.630,0,0.000,0,4,48,0
4874,8150853578.017,8150853597.250,8150858703.626,1548.426,5125.609,3577.183,19.233,3557.950,4874.391,0,0.000,1,4,48,0
4875,8150866411.387,8150866430.431,8150867977.489,1546.643,1566.102,19.459,19.044,0.415,8433.898,0,0.000,0,4,48,0
4876,8150881204.957,8150881224.383,8150882702.819,1477.930,1497.862,19.932,19.426,0.506,8502.138,0,0.000,0,4,48,0
4877,8150887876.357,8150887891.917,8150891708.109,1606.211,3831.752,2225.541,15.560,2209.981,6168.248,0,0.000,1,4,48,0
4878,8150902790.846,8150902810.259,8150904396.410,1585.750,1605.564,19.814,19.413,0.401,8394.436,0,0.000,0,4,48,0
4879,8150911455.738,8150911475.025,8150913069.071,1593.636,1613.333,19.697,19.287,0.410,8386.667,0,0.000,0,4,48,0
4880,8150920769.012,8150920789.481,8150922305.701,1515.745,1536.689,20.944,20.469,0.475,8463.311,0,0.000,0,4,48,0
4881,8150926141.202,8150926155.022,8150931546.079,1620.639,5404.877,3784.238,13.820,3770.418,4595.123,0,0.000,1,4,48,0
4882,8150940053.432,8150940072.768,8150941656.126,1582.915,1602.694,19.779,19.336,0.443,8397.306,0,0.000,0,4,48,0
4883,8150949286.516,8150949301.954,8150950806.384,1503.970,1519.868,15.898,15.438,0.460,8480.132,0,0.000,0,4,48,0
4884,8150960461.116,8150960481.232,8150961996.142,1514.473,1535.026,20.553,20.116,0.437,8464.974,0,0.000,0,4,48,0
4885,8150969847.282,8150969862.681,8150971469.605,1606.525,1622.323,15.798,15.399,0.399,8377.677,0,0.000,0,4,48,0
4886,8150979535.411,8150979555.419,8150981138.710,1582.870,1603.299,20.429,20.008,0.421,8396.701,0,0.000,0,4,48,0
4887,8150985640.129,8150985659.155,8150989733.799,1536.466,4093.670,2557.204,19.026,2538.178,5906.330,0,0.000,1,4,48,0
4888,8150998450.873,8150998469.876,8150999926.982,1456.583,1476.109,19.526,19.003,0.523,8523.891,0,0.000,0,4,48,0
4889,8151004968.975,8151004983.310,8151008995.472,1554.305,4026.497,2472.192,14.335,2457.857,5973.503,0,0.000,1,4,48,0
4890,8151019934.023,8151019955.472,8151021421.260,1465.246,1487.237,21.991,21.449,0.542,8512.763,0,0.000,0,4,48,0
4891,8151033666.331,8151033685.888,8151035176.429,1490.122,1510.098,19.976,19.557,0.419,8489.902,0,0.000,0,4,48,0
4892,8151040610.842,8151040631.882,8151043896.798,1593.655,3285.956,1692.301,21.040,1671.261,6714.044,0,0.000,1,4,48,0
4893,8151047393.026,8151047409.651,8151053686.156,1532.364,6293.130,4760.766,16.625,4744.141,3706.870,0,0.000,1,4,48,0
4894,8151055500.792,8151055514.407,8151063716.180,1526.278,8215.388,6689.110,13.615,6675.495,1784.612,0,0.000,1,4,48,0
4895,8151067591.146,8151067610.237,8151069215.707,1605.066,1624.561,19.495,19.091,0.404,8375.439,0,0.000,0,4,48,0
4896,8151076681.109,8151076694.803,8151078256.886,1561.699,1575.777,14.078,13.694,0.384,8424.223,0,0.000,0,4,48,0
4897,8151083591.334,8151083606.247,8151086863.182,1572.548,3271.848,1699.300,14.913,1684.387,6728.152,0,0.000,1,4,48,0
4898,8151092486.430,8151092507.941,8151096723.561,1522.752,4237.131,2714.379,21.511,2692.868,5762.869,0,0.000,1,4,48,0
4899,8151104321.125,8151104341.730,8151105819.598,1477.219,1498.473,21.254,20.605,0.649,8501.527,0,0.000,0,4,48,0
4900,8151115891.538,8151115911.440,8151117516.869,1604.990,1625.331,20.341,19.902,0.439,8374.669,0,0.000,0,4,48,0
4901,8151127042.689,8151127062.075,8151128613.783,1551.235,1571.094,19.859,19.386,0.473,8428.906,0,0.000,0,4,48,0
4902,8151141777.851,8151141798.859,8151143273.872,1474.592,1496.021,21.429,21.008,0.421,8503.979,0,0.000,0,4,48,0
4903,8151154526.781,8151154546.542,8151156151.441,1604.494,1624.660,20.166,19.761,0.405,8375.340,0,0.000,0,4,48,0
4904,8151162429.706,8151162445.491,8151165508.213,1531.316,3078.507,1547.191,15.785,1531.406,6921.493,0,0.000,1,4,48,0
4905,8151172227.792,8151172241.391,8151173811.242,1569.338,1583.450,14.112,13.599,0.513,8416.550,0,0.000,0,4,48,0
4906,8151186874.913,8151186894.591,8151188500.144,1604.966,1625.231,20.265,19.678,0.587,8374.769,0,0.000,0,4,48,0
4907,8151199234.208,8151199253.297,8151200737.493,1483.702,1503.285,19.583,19.089,0.494,8496.715,0,0.000,0,4,48,0
4908,8151206487.899,8151206507.424,8151210309.180,1563.608,3821.281,2257.673,19.525,2238.148,6178.719,0,0.000,1,4,48,0
4909,8151214088.505,8151214109.443,8151219958.744,1598.179,5870.239,4272.060,20.938,4251.122,4129.761,0,0.000,1,4,48,0
4910,8151220592.831,8151220612.095,8151229360.723,1497.152,8767.892,7270.740,19.264,7251.476,1232.108,0,0.000,1,4,48,0
4911,8151230635.913,8151230656.438,8151232222.008,1565.124,1586.095,20.971,20.525,0.446,8413.905,0,0.000,0,4,48,0
4912,8151237445.536,8151237464.772,8151241679.106,1577.749,4233.570,2655.821,19.236,2636.585,5766.430,0,0.000,1,4,48,0
4913,8151249255.599,8151249274.934,8151250817.539,1542.169,1561.940,19.771,19.335,0.436,8438.060,0,0.000,0,4,48,0
4914,8151259043.668,8151259057.988,8151260575.450,1516.858,1531.782,14.924,14.320,0.604,8468.218,0,0.000,0,4,48,0
4915,8151272315.783,8151272336.140,8151273817.976,1481.429,1502.193,20.764,20.357,0.407,8497.807,0,0.000,0,4,48,0
4916,8151278998.729,8151279026.876,8151282792.088,1446.279,3793.359,2347.080,28.147,2318.933,6206.641,0,0.000,1,4,48,0
4917,8151293092.284,8151293111.854,8151294592.401,1480.157,1500.117,19.960,19.570,0.390,8499.883,0,0.000,0,4,48,0
4918,8151307960.485,8151307982.679,8151309513.557,1530.259,1553.072,22.813,22.194,0.619,8446.928,0,0.000,0,4,48,0
4919,8151315756.550,8151315770.989,8151317336.109,1564.665,1579.559,14.894,14.439,0.455,8420.441,0,0.000,0,4,48,0
4920,8151326720.447,8151326739.999,8151328316.087,1575.680,1595.640,19.960,19.552,0.408,8404.360,0,0.000,0,4,48,0
4921,8151338988.130,8151339011.985,8151340560.137,1537.382,1572.007,34.625,23.855,10.770,8427.993,0,0.000,0,4,48,0
4922,8151348844.316,8151348858.470,8151350385.592,1526.704,1541.276,14.572,14.154,0.418,8458.724,0,0.000,0,4,48,0
4923,8151354967.133,8151354985.996,8151359361.412,1527.192,4394.279,2867.087,18.863,2848.224,5605.721,0,0.000,1,4,48,0
4924,8151368991.255,8151369022.579,8151370668.168,1645.056,1676.913,31.857,31.324,0.533,8323.087,0,0.000,0,4,48,0
4925,8151383818.238,8151383837.919,8151385397.011,1558.691,1578.773,20.082,19.681,0.401,8421.227,0,0.000,0,4,48,0
4926,8151390876.229,8151390891.034,8151394215.169,1501.568,3338.940,1837.372,14.805,1822.567,6661.060,0,0.000,1,4,48,0
4927,8151398509.668,8151398526.158,8151403882.890,1535.291,5373.222,3837.931,16.490,3821.441,4626.778,0,0.000,1,4,48,0
4928,8151409376.675,8151409395.606,8151410901.793,1505.776,1525.118,19.342,18.931,0.411,8474.882,0,0.000,0,4,48,0
4929,8151417575.558,8151417600.953,8151419121.612,1520.255,1546.054,25.799,25.395,0.404,8453.946,0,0.000,0,4,48,0
4930,8151431546.138,8151431565.261,8151433158.298,1592.635,1612.160,19.525,19.123,0.402,8387.840,0,0.000,0,4,48,0
4931,8151443454.454,8151443473.676,8151444884.600,1410.375,1430.146,19.771,19.222,0.549,8569.854,0,0.000,0,4,48,0
4932,8151448755.716,8151448769.682,8151453844.359,1614.540,5088.643,3474.103,13.966,3460.137,4911.357,0,0.000,1,4,48,0
4933,8151460095.155,8151460116.970,8151461671.004,1553.533,1575.849,22.316,21.815,0.501,8424.151,0,0.000,0,4,48,0
4934,8151466714.633,8151466734.399,8151470304.733,1471.099,3590.100,2119.001,19.766,2099.235,6409.900,0,0.000,1,4,48,0
4935,8151479140.588,8151479159.832,8151480775.066,1614.839,1634.478,19.639,19.244,0.395,8365.522,0,0.000,0,4,48,0
4936,8151490599.549,8151490618.919,8151492175.906,1556.580,1576.357,19.777,19.370,0.407,8423.643,0,0.000,0,4,48,0
4937,8151500610.875,8151500624.707,8151502139.676,1514.568,1528.801,14.233,13.832,0.401,8471.199,0,0.000,0,4,48,0
4938,8151513016.913,8151513036.341,8151514502.479,1465.726,1485.566,19.840,19.428,0.412,8514.434,0,0.000,0,4,48,0
4939,8151519898.280,8151519919.589,8151523505.555,1560.434,3607.275,2046.841,21.309,2025.532,6392.725,0,0.000,1,4,48,0
4940,8151531497.135,8151531516.027,8151533138.236,1621.804,1641.101,19.297,18.892,0.405,8358.899,0,0.000,0,4,48,0
4941,8151539386.701,8151539407.308,8151542407.551,1500.069,3020.850,1520.781,20.607,1500.174,6979.150,0,0.000,1,4,48,0
4942,8151548127.151,8151548143.217,8151549723.304,1579.661,1596.153,16.492,16.066,0.426,8403.847,0,0.000,0,4,48,0
4943,8151558847.848,8151558866.333,8151560363.002,1496.258,1515.154,18.896,18.485,0.411,8484.846,0,0.000,0,4,48,0
4944,8151564409.299,8151564430.341,8151569815.535,1534.382,5406.236,3871.854,21.042,3850.812,4593.764,0,0.000,1,4,48,0
4945,8151573576.827,8151573591.279,8151579044.262,1588.626,5467.435,3878.809,14.452,3864.357,4532.565,0,0.000,1,4,48,0
4946,8151580373.375,8151580387.187,8151588862.254,1553.279,8488.879,6935.600,13.812,6921.788,1511.121,0,0.000,1,4,48,0
4947,8151591461.943,8151591481.165,8151592961.993,1480.416,1500.050,19.634,19.222,0.412,8499.950,0,0.000,0,4,48,0
4948,8151601011.534,8151601025.274,8151602506.167,1480.487,1494.633,14.146,13.740,0.406,8505.367,0,0.000,0,4,48,0
4949,8151611581.065,8151611594.025,8151613163.368,1568.929,1582.303,13.374,12.960,0.414,8417.697,0,0.000,0,4,48,0
4950,8151619531.165,8151619549.811,8151621152.153,1601.939,1620.988,19.049,18.646,0.403,8379.012,0,0.000,0,4,48,0
4951,8151631049.196,8151631067.939,8151632584.079,1515.763,1534.883,19.120,18.743,0.377,8465.117,0,0.000,0,4,48,0
4952,8151638083.618,8151638104.052,8151641641.015,1485.171,3557.397,2072.226,20.434,2051.792,6442.603,0,0.000,1,4,48,0
4953,8151650566.704,8151650587.810,8151652152.677,1564.455,1585.973,21.518,21.106,0.412,8414.027,0,0.000,0,4,48,0
4954,8151663991.228,8151664013.749,8151665572.239,1558.065,1581.011,22.946,22.521,0.425,8418.989,0,0.000,0,4,48,0
4955,8151674719.785,8151674733.759,8151676211.474,1477.319,1491.689,14.370,13.974,0.396,8508.311,0,0.000,0,4,48,0
4956,8151685760.784,8151685779.553,8151687231.586,1451.618,1470.802,19.184,18.769,0.415,8529.198,0,0.000,0,4,48,0
4957,8151692457.083,8151692477.385,8151696826.765,1585.002,4369.682,2784.680,20.302,2764.378,5630.318,0,0.000,1,4,48,0
4958,8151707408.037,8151707427.162,8151708966.540,1538.856,1558.503,19.647,19.125,0.522,8441.497,0,0.000,0,4,48,0
4959,8151713502.508,8151713522.731,8151718460.086,1525.700,4957.578,3431.878,20.223,3411.655,5042.422,0,0.000,1,4,48,0
4960,8151726454.785,8151726475.200,8151728040.408,1564.809,1585.623,20.814,20.415,0.399,8414.377,0,0.000,0,4,48,0
4961,8151733880.749,8151733895.613,8151736866.981,1512.178,2986.232,1474.054,14.864,1459.190,7013.768,0,0.000,1,4,48,0
4962,8151746094.186,8151746113.749,8151747633.993,1519.806,1539.807,20.001,19.563,0.438,8460.193,0,0.000,0,4,48,0
4963,8151755533.083,8151755554.357,8151757088.450,1533.633,1555.367,21.734,21.274,0.460,8444.633,0,0.000,0,4,48,0
4964,8151763104.671,8151763122.740,8151766161.913,1503.999,3057.242,1553.243,18.069,1535.174,6942.758,0,0.000,1,4,48,0
4965,8151773158.103,8151773174.221,8151774813.430,1638.801,1655.327,16.526,16.118,0.408,8344.673,0,0.000,0,4,48,0
4966,8151785090.855,8151785104.494,8151786578.629,1473.678,1487.774,14.096,13.639,0.457,8512.226,0,0.000,0,4,48,0
4967,8151791887.660,8151791901.227,8151795542.618,1548.120,3654.958,2106.838,13.567,2093.271,6345.042,0,0.000,1,4,48,0
4968,8151799730.564,8151799744.659,8151805414.172,1575.206,5683.608,4108.402,14.095,4094.307,4316.392,0,0.000,1,4,48,0
4969,8151807814.497,8151807835.764,8151815106.281,1532.958,7291.784,5758.826,21.267,5737.559,2708.216,0,0.000,1,4,48,0
4970,8151814352.194,8151815114.458,8151816624.469,1509.583,2272.275,762.692,762.264,0.428,7727.725,0,0.000,0,4,48,0
4971,8151829058.732,8151829078.419,8151830638.370,1559.455,1579.638,20.183,19.687,0.496,8420.362,0,0.000,0,4,48,0
4972,8151841038.442,8151841059.532,8151842598.372,1538.410,1559.930,21.520,21.090,0.430,8440.070,0,0.000,0,4,48,0
4973,8151853612.509,8151853631.547,8151855141.174,1509.217,1528.665,19.448,19.038,0.410,8471.335,0,0.000,0,4,48,0
4974,8151866084.967,8151866104.332,8151867763.849,1659.086,1678.882,19.796,19.365,0.431,8321.118,0,0.000,0,4,48,0
4975,8151876256.132,8151876270.839,8151877806.070,1534.658,1549.938,15.280,14.707,0.573,8450.062,0,0.000,0,4,48,0
4976,8151886561.330,8151886574.583,8151888056.502,1481.525,1495.172,13.647,13.253,0.394,8504.828,0,0.000,0,4,48,0
4977,8151897942.153,8151897961.339,8151899438.968,1477.226,1496.815,19.589,19.186,0.403,8503.185,0,0.000,0,4,48,0
4978,8151902855.111,8151902876.702,8151908544.073,1706.355,5688.962,3982.607,21.591,3961.016,4311.038,0,0.000,1,4,48,0
4979,8151916546.826,8151916571.074,8151918182.750,1611.266,1635.924,24.658,24.248,0.410,8364.076,0,0.000,0,4,48,0
4980,8151928589.219,8151928608.514,8151930147.304,1538.236,1558.085,19.849,19.295,0.554,8441.915,0,0.000,0,4,48,0
4981,8151940507.781,8151940526.995,8151942078.265,1550.846,1570.484,19.638,19.214,0.424,8429.516,0,0.000,0,4,48,0
4982,8151952048.354,8151952067.396,8151953635.155,1567.342,1586.801,19.459,19.042,0.417,8413.199,0,0.000,0,4,48,0
4983,8151962947.923,8151962963.104,8151964519.121,1555.630,1571.198,15.568,15.181,0.387,8428.802,0,0.000,0,4,48,0
4984,8151976604.121,8151976623.341,8151978148.815,1525.052,1544.694,19.642,19.220,0.422,8455.306,0,0.000,0,4,48,0
4985,8151981490.853,8151981504.452,8151987685.973,1559.051,6195.120,4636.069,13.599,4622.470,3804.880,0,0.000,1,4,48,0
4986,8151991253.659,8151991274.219,8151996634.577,1544.953,5380.918,3835.965,20.560,3815.405,4619.082,0,0.000,1,4,48,0
4987,8152000888.536,8152000901.918,8152002534.268,1631.840,1645.732,13.892,13.382,0.510,8354.268,0,0.000,0,4,48,0
4988,8152015311.017,8152015331.570,8152016912.299,1580.187,1601.282,21.095,20.553,0.542,8398.718,0,0.000,0,4,48,0
4989,8152020297.129,8152020319.747,8152026064.010,1414.376,5766.881,4352.505,22.618,4329.887,4233.119,0,0.000,1,4,48,0
4990,8152033660.399,8152033682.681,8152035200.088,1516.763,1539.689,22.926,22.282,0.644,8460.311,0,0.000,0,4,48,0
4991,8152042647.061,8152042668.882,8152044272.521,1602.899,1625.460,22.561,21.821,0.740,8374.540,0,0.000,0,4,48,0
4992,8152057765.383,8152057794.689,8152059424.863,1629.297,1659.480,30.183,29.306,0.877,8340.520,0,0.000,0,4,48,0
4993,8152070738.562,8152070759.524,8152072307.662,1547.618,1569.100,21.482,20.962,0.520,8430.900,0,0.000,0,4,48,0
4994,8152083436.223,8152083457.750,8152084937.164,1478.899,1500.941,22.042,21.527,0.515,8499.059,0,0.000,0,4,48,0
4995,8152097721.163,8152097754.245,8152099245.852,1490.718,1524.689,33.971,33.082,0.889,8475.311,0,0.000,0,4,48,0
4996,8152109927.090,8152109952.892,8152111522.742,1569.360,1595.652,26.292,25.802,0.490,8404.348,0,0.000,0,4,48,0
4997,8152121538.743,8152121558.396,8152123086.236,1527.380,1547.493,20.113,19.653,0.460,8452.507,0,0.000,0,4,48,0
4998,8152133857.479,8152133876.837,8152135414.654,1537.409,1557.175,19.766,19.358,0.408,8442.825,0,0.000,0,4,48,0
4999,8152144250.952,8152144272.207,8152145777.878,1505.269,1526.926,21.657,21.255,0.402,8473.074,0,0.000,0,4,48,0
